0.141270 0.980733
0.043739 0.987969
0.463085 0.454215
0.053820 0.959188
0.596604 0.330112
0.026101 0.939821
0.550387 0.408438
0.996746 0.223336
0.982113 0.893879
0.276515 0.480609
0.761162 0.407399
0.027344 0.390035
0.777562 0.376863
0.647935 0.693432
0.519982 0.043080
0.237886 0.328168
0.627157 0.749852
0.139252 0.299061
0.200937 0.319910
0.558116 0.819654
0.422205 0.087425
0.425175 0.882147
0.341605 0.828898
0.943013 0.265665
0.795771 0.910901
0.405228 0.904531
0.033208 0.878015
0.362228 0.373422
0.065150 0.872787
0.246408 0.985016
0.278519 0.823188
0.200779 0.897283
0.736078 0.182079
0.218270 0.569488
0.791601 0.722954
0.199702 0.415018
0.442019 0.162563
0.759370 0.483474
0.033050 0.299888
0.351721 0.734824
0.655452 0.763393
0.680350 0.180773
0.822060 0.023349
0.167208 0.391058
0.363353 0.450989
0.703003 0.521081
0.852658 0.184213
0.718112 0.988353
0.797830 0.940495
0.589927 0.196885
0.171737 0.988488
0.079926 0.970039
0.842935 0.263190
0.038002 0.192774
0.805686 0.472782
0.602160 0.934242
0.312510 0.564066
0.783003 0.592648
0.840655 0.856726
0.829844 0.545493
0.774789 0.185166
0.241693 0.546832
0.434997 0.436424
0.814857 0.736392
0.014795 0.968277
0.758056 0.207522
0.790667 0.047197
0.747624 0.369027
0.533217 0.541900
0.043183 0.457144
0.510942 0.603060
0.882341 0.315309
0.457688 0.978520
0.615962 0.082098
0.022408 0.484482
0.255743 0.350906
0.333581 0.441868
0.811371 0.841414
0.532903 0.117620
0.550368 0.034611
0.034444 0.522296
0.177381 0.801181
0.341552 0.130548
0.350389 0.264931
0.294316 0.448330
0.509609 0.901303
0.473538 0.947378
0.800795 0.241700
0.198374 0.072473
0.610363 0.488019
0.214096 0.926263
0.337255 0.232054
0.442997 0.038872
0.019345 0.160707
0.290280 0.755980
0.890477 0.932186
0.205675 0.539397
0.985508 0.441924
0.752979 0.288775
0.543261 0.283587
0.116946 0.266265
0.828984 0.149617
0.722818 0.444546
0.417744 0.379436
0.691668 0.652565
0.003836 0.514883
0.490201 0.471960
0.763833 0.157416
0.749440 0.442664
0.745767 0.756055
0.702715 0.867137
0.855999 0.691254
0.670339 0.509459
0.346577 0.902311
0.674500 0.706561
0.108007 0.522700
0.269180 0.697744
0.008093 0.191007
0.106107 0.229692
0.668191 0.633597
0.450706 0.830315
0.508958 0.648153
0.082350 0.308603
0.380280 0.187466
0.043322 0.847376
0.386699 0.061200
0.312116 0.980159
0.794886 0.983370
0.847996 0.437260
0.399384 0.357903
0.555625 0.610934
0.732237 0.239337
0.992118 0.989510
0.497376 0.678192
0.944335 0.301881
0.755509 0.341797
0.731408 0.312962
0.180744 0.924939
0.604928 0.561253
0.684616 0.901350
0.050540 0.160928
0.640948 0.014567
0.310982 0.778032
0.233364 0.697906
0.466767 0.781226
0.099631 0.909552
0.284397 0.229684
0.025427 0.130626
0.863932 0.907029
0.270315 0.010544
0.294233 0.867513
0.534256 0.010118
0.384227 0.426600
0.232040 0.370803
0.459718 0.486584
0.183439 0.960480
0.154624 0.951956
0.713519 0.417584
0.640511 0.859789
0.422456 0.987093
0.021781 0.548534
0.333274 0.371012
0.623791 0.782904
0.346398 0.771394
0.532006 0.719314
0.653499 0.367686
0.002635 0.102794
0.779163 0.457877
0.076632 0.002000
0.674372 0.738603
0.600793 0.448864
0.343181 0.339405
0.233271 0.654337
0.097308 0.878860
0.691066 0.819942
0.776022 0.263474
0.547621 0.460351
0.736071 0.510702
0.909568 0.617426
0.060322 0.553891
0.725176 0.214185
0.447838 0.689520
0.972492 0.965438
0.242901 0.774180
0.954064 0.429408
0.726830 0.599469
0.588832 0.688105
0.452178 0.374255
0.967070 0.325441
0.721446 0.659142
0.808360 0.432173
0.428656 0.345439
0.090704 0.498699
0.283220 0.608638
0.997691 0.022779
0.483640 0.987042
0.520919 0.868291
0.795219 0.693449
0.733223 0.878714
0.497131 0.267756
0.851365 0.403560
0.065509 0.217432
0.842138 0.584271
0.662764 0.667661
0.699291 0.587408
0.120825 0.006470
0.735422 0.397232
0.346357 0.165034
0.854361 0.290031
0.290898 0.908738
0.623869 0.348619
0.800882 0.531206
0.844827 0.513948
0.293551 0.941033
0.687420 0.008409
0.058170 0.760758
0.426583 0.463308
0.576135 0.718212
0.309123 0.421134
0.284057 0.985684
0.272412 0.643986
0.928414 0.746393
0.069886 0.440516
0.674145 0.116844
0.181432 0.044138
0.466528 0.517794
0.967155 0.020317
0.148174 0.352917
0.282350 0.575015
0.883385 0.807625
0.310555 0.600071
0.483143 0.882512
0.844153 0.482758
0.956047 0.995939
0.554407 0.694808
0.248613 0.494800
0.451708 0.101482
0.377126 0.632027
0.895243 0.408169
0.158807 0.665174
0.600736 0.410415
0.021628 0.079820
0.050763 0.494180
0.400703 0.657058
0.942227 0.958815
0.030450 0.329242
0.440068 0.066709
0.949006 0.195038
0.853407 0.983714
0.865664 0.659544
0.846374 0.802181
0.468814 0.669052
0.272105 0.267401
0.022676 0.006655
0.940558 0.067952
0.931119 0.637746
0.823170 0.694226
0.603914 0.152276
0.526010 0.083556
0.521332 0.988314
0.658082 0.219031
0.526104 0.307410
0.755061 0.598972
0.847012 0.016263
0.129128 0.890117
0.691433 0.224603
0.165100 0.207817
0.902784 0.123012
0.934443 0.861316
0.963542 0.463108
0.811853 0.272791
0.930649 0.411210
0.482819 0.550285
0.987489 0.156760
0.550703 0.373885
0.323548 0.207008
0.996515 0.382458
0.377134 0.480969
0.598613 0.621325
0.317382 0.145961
0.527331 0.753879
0.011079 0.807814
0.029540 0.768180
0.249377 0.805291
0.700942 0.139885
0.540076 0.786076
0.621289 0.913356
0.579449 0.164424
0.800244 0.324348
0.716234 0.115088
0.078724 0.846429
0.524027 0.411165
0.923212 0.930692
0.388147 0.218542
0.865846 0.568398
0.395619 0.688751
0.232054 0.627481
0.984004 0.540051
0.761518 0.041034
0.090615 0.071001
0.052271 0.926345
0.501643 0.773924
0.962939 0.871175
0.004148 0.769955
0.844303 0.886563
0.539536 0.895120
0.640527 0.113559
0.664907 0.065862
0.565531 0.986496
0.580485 0.844551
0.307253 0.810767
0.991126 0.943199
0.395797 0.093892
0.055981 0.022971
0.215323 0.484299
0.127439 0.427813
0.645482 0.535842
0.075703 0.095253
0.571880 0.220305
0.692622 0.057346
0.936221 0.522197
0.603052 0.266044
0.490622 0.618768
0.374137 0.759315
0.052543 0.068130
0.218914 0.188647
0.952349 0.804120
0.118118 0.554250
0.450368 0.326775
0.209340 0.015594
0.932024 0.452557
0.755282 0.655916
0.319363 0.917210
0.937966 0.141211
0.278659 0.788653
0.040009 0.573494
0.484106 0.136101
0.472764 0.641958
0.568204 0.134033
0.011260 0.454299
0.763533 0.562457
0.241258 0.169858
0.842992 0.093221
0.437648 0.402100
0.813821 0.880810
0.600126 0.813595
0.140574 0.529027
0.457291 0.860131
0.874229 0.495199
0.187538 0.100397
0.929342 0.592775
0.188766 0.291841
0.134532 0.126698
0.250128 0.291039
0.269314 0.107950
0.928206 0.485246
0.318824 0.883145
0.917458 0.278064
0.619184 0.181057
0.596529 0.741448
0.343608 0.986654
0.082409 0.653673
0.663294 0.333884
0.398119 0.456162
0.647868 0.161393
0.152139 0.916716
0.964059 0.702081
0.361218 0.558578
0.630455 0.464998
0.379519 0.158280
0.941091 0.341351
0.430190 0.304076
0.182649 0.368686
0.761996 0.900373
0.413877 0.523988
0.405442 0.963529
0.709918 0.375995
0.666938 0.956851
0.092622 0.621920
0.799205 0.167558
0.674636 0.273149
0.614220 0.298360
0.466352 0.174592
0.469890 0.348246
0.889045 0.638854
0.555952 0.096247
0.358193 0.509162
0.556388 0.740152
0.414192 0.707863
0.882160 0.099316
0.115960 0.857021
0.175198 0.832840
0.052084 0.253463
0.905061 0.959250
0.552307 0.064676
0.858663 0.778993
0.498693 0.016957
0.895110 0.739568
0.027934 0.271207
0.609751 0.012702
0.956523 0.612515
0.078465 0.736048
0.995896 0.341301
0.423565 0.853113
0.879425 0.183605
0.728628 0.779635
0.372331 0.713298
0.313803 0.470613
0.481048 0.385245
0.736318 0.918263
0.009423 0.418117
0.460309 0.608265
0.607318 0.863199
0.671412 0.574394
0.159316 0.747513
0.602958 0.234282
0.212093 0.984891
0.524946 0.260519
0.119864 0.623291
0.927160 0.984219
0.768957 0.526432
0.184795 0.729723
0.322205 0.746916
0.238253 0.016468
0.240723 0.122247
0.477027 0.091629
0.623006 0.428994
0.622556 0.212342
0.925995 0.825423
0.982059 0.837949
0.759414 0.072113
0.180312 0.015070
0.920451 0.773808
0.876904 0.013414
0.408251 0.046120
0.104272 0.825328
0.480392 0.205104
0.448356 0.279606
0.705329 0.622422
0.032955 0.223843
0.915962 0.311957
0.898511 0.585546
0.825615 0.951827
0.087432 0.272261
0.953996 0.555160
0.356771 0.414284
0.634296 0.321803
0.966438 0.518641
0.630817 0.619136
0.747315 0.830981
0.441385 0.528312
0.501205 0.327462
0.348970 0.936358
0.220463 0.730610
0.276782 0.037598
0.955099 0.836077
0.110290 0.301552
0.111223 0.102861
0.413037 0.824831
0.637738 0.943503
0.143934 0.155342
0.504366 0.936624
0.047514 0.792604
0.714587 0.285028
0.142363 0.635618
0.876310 0.427758
0.375038 0.912156
0.970793 0.671078
0.933165 0.236028
0.587631 0.073055
0.984011 0.801536
0.962738 0.123205
0.572355 0.948443
0.659757 0.301429
0.712427 0.902649
0.815067 0.504238
0.470320 0.305671
0.802897 0.802876
0.982889 0.733590
0.742560 0.136869
0.235249 0.459904
0.571560 0.276336
0.819244 0.119078
0.057940 0.334640
0.264786 0.899327
0.959223 0.165657
0.801261 0.615273
0.021310 0.598586
0.259116 0.753725
0.535966 0.589018
0.932117 0.110707
0.303097 0.637362
0.301311 0.092696
0.963865 0.225147
0.209977 0.349614
0.501225 0.104657
0.909193 0.340360
0.428060 0.743906
0.414314 0.016321
0.218791 0.103089
0.038790 0.425089
0.337351 0.579617
0.161358 0.313411
0.034939 0.703941
0.192605 0.605412
0.034296 0.041642
0.850989 0.320646
0.469141 0.259245
0.230238 0.418642
0.071779 0.189096
0.901765 0.037153
0.336967 0.538544
0.211934 0.955365
0.503150 0.725216
0.167946 0.553956
0.836941 0.056177
0.382443 0.013346
0.932561 0.698809
0.213113 0.757218
0.671394 0.463701
0.707819 0.030246
0.002798 0.714722
0.858376 0.628108
0.605655 0.526536
0.832616 0.370714
0.577623 0.396343
0.158371 0.103710
0.287982 0.152388
0.091262 0.706094
0.304115 0.118670
0.878788 0.711523
0.344054 0.477903
0.666842 0.879627
0.479448 0.706666
0.642967 0.724294
0.525606 0.442102
0.266485 0.076680
0.632442 0.247773
0.065678 0.901893
0.106679 0.980315
0.099072 0.758850
0.398543 0.498611
0.479797 0.916586
0.658944 0.827674
0.270460 0.178410
0.738313 0.538436
0.898288 0.554739
0.732184 0.050378
0.198359 0.131795
0.083134 0.379106
0.108035 0.147838
0.306985 0.014061
0.296105 0.282676
0.413171 0.154245
0.164031 0.176443
0.001230 0.310029
0.718950 0.077411
0.778823 0.749949
0.232343 0.897934
0.395139 0.734869
0.757167 0.796783
0.100996 0.441383
0.327518 0.073264
0.370865 0.589740
0.520113 0.477091
0.256855 0.611710
0.574389 0.013504
0.367067 0.087422
0.611655 0.712567
0.405440 0.766720
0.572379 0.634935
0.427113 0.561141
0.084584 0.935877
0.637779 0.279015
0.294883 0.501632
0.409594 0.415748
0.384007 0.391237
0.995914 0.916622
0.971813 0.359965
0.085353 0.339443
0.443560 0.920068
0.831902 0.823625
0.799696 0.209928
0.187428 0.768299
0.077786 0.044075
0.935035 0.035056
0.365627 0.235152
0.340986 0.100558
0.371865 0.794772
0.827808 0.916869
0.209787 0.266557
0.455555 0.561141
0.868721 0.381337
0.602070 0.987668
0.087748 0.548627
0.863060 0.745281
0.673420 0.148378
0.271506 0.309899
0.337917 0.799931
0.908159 0.384630
0.699140 0.330169
0.890148 0.898818
0.191780 0.167379
0.698774 0.492217
0.996593 0.565559
0.058480 0.402450
0.395100 0.551696
0.389662 0.255727
0.573442 0.663379
0.370619 0.284663
0.704081 0.711205
0.583983 0.498517
0.335545 0.302806
0.246483 0.048231
0.998170 0.687136
0.891409 0.682835
0.689959 0.396859
0.441671 0.954610
0.553551 0.564285
0.200196 0.638432
0.977799 0.764347
0.221318 0.149282
0.613807 0.042635
0.783373 0.880486
0.606819 0.653883
0.258077 0.426140
0.637671 0.053333
0.952770 0.733709
0.605959 0.116531
0.966039 0.049553
0.796659 0.013925
0.133671 0.675524
0.400993 0.321842
0.162963 0.700000
0.330665 0.631263
0.541284 0.663509
0.119317 0.175770
0.663781 0.402661
0.493939 0.174678
0.272157 0.958012
0.532141 0.344533
0.534419 0.632952
0.217168 0.791080
0.637763 0.648085
0.812614 0.777270
0.722698 0.809125
0.011648 0.842524
0.565660 0.525355
0.338201 0.857915
0.135832 0.201649
0.278138 0.546231
0.338944 0.014990
0.207872 0.449784
0.080607 0.159741
0.257793 0.670770
0.158896 0.450346
0.787274 0.293723
0.962547 0.091969
0.263429 0.140658
0.231897 0.868896
0.542999 0.150312
0.699201 0.682690
0.700606 0.255273
0.257765 0.841558
0.053845 0.368191
0.732386 0.479640
0.670677 0.607101
0.159425 0.493773
0.073260 0.592942
0.702115 0.194484
0.650162 0.089064
0.906529 0.440609
0.171237 0.525591
0.642408 0.590611
0.681841 0.433043
0.080735 0.242827
0.252977 0.392596
0.253114 0.926079
0.496163 0.501696
0.825938 0.342537
0.512237 0.567623
0.823118 0.302898
0.582962 0.043862
0.317237 0.042224
0.821423 0.185137
0.991493 0.127673
0.351060 0.055424
0.783336 0.498154
0.632429 0.510735
0.204843 0.816744
0.635637 0.809252
0.634877 0.975722
0.873404 0.461146
0.060557 0.635768
0.818078 0.641921
0.173159 0.269629
0.582067 0.906012
0.651126 0.192634
0.557483 0.183004
0.323372 0.952558
0.010700 0.246876
0.995764 0.276091
0.566586 0.345909
0.971383 0.254599
0.128799 0.496656
0.427783 0.124149
0.197239 0.703508
0.151528 0.412011
0.429873 0.667806
0.255455 0.204355
0.692049 0.975507
0.023997 0.904045
0.510773 0.140676
0.829594 0.456575
0.957482 0.387577
0.203898 0.852597
0.073758 0.472888
0.129972 0.767497
0.965477 0.638588
0.438407 0.773701
0.867059 0.044406
0.694160 0.788871
0.900123 0.475646
0.767816 0.318826
0.921005 0.898025
0.553292 0.492571
0.774442 0.630651
0.400200 0.797063
0.444683 0.717234
0.411503 0.185432
0.752675 0.983107
0.030566 0.637468
0.734727 0.013969
0.960750 0.583026
0.250549 0.724824
0.282819 0.339625
0.313410 0.340320
0.887625 0.770505
0.137050 0.463690
0.023600 0.737280
0.635741 0.561074
0.835290 0.664035
0.417659 0.933230
0.216606 0.049077
0.860664 0.539840
0.888929 0.284518
0.568782 0.432869
0.140345 0.045449
0.886160 0.525742
0.889100 0.357355
0.375035 0.342161
0.376503 0.529416
0.916743 0.010864
0.138153 0.834763
0.769434 0.120901
0.778036 0.776404
0.110148 0.661099
0.525329 0.823832
0.537287 0.235868
0.619810 0.836023
0.458254 0.134027
0.132851 0.376137
0.630311 0.138741
0.242087 0.952861
0.437139 0.244289
0.436110 0.594790
0.305902 0.311175
0.494307 0.235532
0.278510 0.374992
0.873958 0.601973
0.454145 0.893633
0.005934 0.051262
0.738903 0.631009
0.361021 0.873556
0.718224 0.842005
0.022766 0.669348
0.800743 0.391749
0.361717 0.964694
0.909443 0.512635
0.266663 0.869770
0.658712 0.920255
0.580391 0.550031
0.429796 0.491715
0.326471 0.504668
0.313761 0.176523
0.135118 0.234647
0.365135 0.313093
0.188303 0.572933
0.502227 0.530466
0.578080 0.465238
0.472837 0.059813
0.415859 0.220876
0.958265 0.930577
0.199939 0.238118
0.904893 0.178663
0.873070 0.865437
0.755211 0.860860
0.739943 0.263012
0.866707 0.833104
0.475851 0.807760
0.076986 0.683735
0.383011 0.986681
0.486444 0.750722
0.971910 0.291764
0.184558 0.870906
0.763571 0.933654
0.588084 0.365926
0.910512 0.664151
0.952692 0.774928
0.886074 0.143478
0.925936 0.556313
0.901174 0.064380
0.371721 0.827147
0.704251 0.552682
0.522199 0.173659
0.532476 0.933719
0.521352 0.689764
0.285597 0.727096
0.389771 0.877061
0.082752 0.783701
0.694492 0.761359
0.998211 0.621517
0.718583 0.160879
0.555796 0.318343
0.959039 0.491157
0.793105 0.559813
0.903169 0.246290
0.779493 0.092754
0.980319 0.193356
0.691135 0.092476
0.650173 0.436161
0.832727 0.759042
0.143318 0.570326
0.089508 0.124173
0.195180 0.204673
0.866851 0.225487
0.511209 0.799738
0.653003 0.485240
0.152044 0.859207
0.142318 0.807927
0.458370 0.225077
0.891280 0.987683
0.388577 0.847503
0.144306 0.723001
0.495788 0.854495
0.369328 0.126776
0.415350 0.627994
0.731966 0.567647
0.227072 0.221828
0.397069 0.607946
0.977973 0.408776
0.867156 0.073787
0.855712 0.120861
0.568272 0.248642
0.660774 0.990751
0.365022 0.031913
0.832784 0.613961
0.435001 0.802677
0.508349 0.965254
0.163040 0.069203
0.770315 0.232764
0.713184 0.946892
0.596272 0.772530
0.557929 0.919823
0.581860 0.105939
0.262945 0.454685
0.116058 0.058679
0.492600 0.440369
0.331059 0.402228
0.990324 0.593286
0.985634 0.073572
0.101283 0.199177
0.899469 0.840709
0.058046 0.128622
0.145927 0.266157
0.265239 0.521121
0.922838 0.162381
0.179856 0.433416
0.595130 0.884569
0.293997 0.671015
0.742311 0.099654
0.941156 0.668600
0.905822 0.870623
0.949086 0.902415
0.561009 0.872727
0.324727 0.667955
0.353796 0.651354
0.843504 0.721522
0.441065 0.636720
0.074736 0.814712
0.823807 0.404881
0.565133 0.767576
0.306179 0.244600
0.616098 0.376321
0.448323 0.008711
0.162979 0.889365
0.795437 0.660259
0.474513 0.027395
0.040367 0.819434
0.134343 0.085921
0.293463 0.200521
0.912987 0.714837
0.583592 0.302345
0.115161 0.396266
0.512361 0.210228
0.737672 0.688536
0.794752 0.136614
0.325252 0.716238
0.284023 0.409362
0.168854 0.237160
0.874307 0.257663
0.869494 0.960765
0.785790 0.849792
0.858586 0.152013
0.184735 0.668181
0.417113 0.263491
0.714689 0.741914
0.169995 0.629225
0.212605 0.676041
0.256578 0.236876
0.175033 0.338768
0.237019 0.081094
0.838061 0.211324
0.348362 0.609786
0.353117 0.197047
0.691143 0.303047
0.308173 0.841476
0.479420 0.582629
0.923450 0.207154
0.860980 0.348575
0.440523 0.198656
0.621675 0.681133
0.893662 0.215240
0.809433 0.092731
0.518704 0.378614
0.675308 0.543495
0.794243 0.354067
0.721608 0.347212
0.498986 0.356727
0.690112 0.934152
0.344987 0.692366
0.115740 0.734553
0.575691 0.798306
0.768968 0.681190
0.662855 0.791946
0.543499 0.847313
0.637266 0.891465
0.667566 0.032029
0.102089 0.025785
0.251462 0.577393
0.293021 0.062642
0.601879 0.962104
0.915911 0.087708
0.991564 0.485188
0.779970 0.426339
0.067404 0.521509
0.088796 0.411865
0.831946 0.237831
0.635720 0.397478
0.193470 0.507023
0.540406 0.204486
0.183407 0.473872
0.227591 0.516763
0.322849 0.270132
0.824039 0.982558
0.021490 0.358535
0.097069 0.582274
0.060716 0.289265
0.126088 0.927743
0.223238 0.298373
0.663763 0.246904
0.305321 0.376397
0.609090 0.591426
0.815367 0.578730
0.677028 0.850079
0.577162 0.589221
0.125916 0.594036
0.766455 0.010248
0.385071 0.940988
0.305894 0.531127
0.702171 0.462912
0.237154 0.258112
0.050178 0.674102
0.157036 0.779205
0.119829 0.700497
0.932872 0.370800
0.461550 0.741232
0.000071 0.869874
0.229499 0.833873
0.397346 0.125559
0.681894 0.359444
0.303369 0.699758
0.403409 0.580370
0.546632 0.964040
0.809218 0.064540
0.049272 0.606916
0.495091 0.410142
0.496635 0.295683
0.996835 0.650485
0.734825 0.720510
0.853693 0.936543
0.043528 0.101542
0.370533 0.674348
0.777882 0.819611
0.124625 0.331314
0.149258 0.018737
0.401697 0.291247
0.738169 0.956413
0.463027 0.418047
0.107853 0.470689
0.112316 0.795502
0.160765 0.597416
0.105865 0.357043
0.501815 0.063596
0.488389 0.831361
0.776123 0.962478
0.531281 0.511507
0.056153 0.721350
0.169780 0.136120
0.761950 0.717881
0.911430 0.799840
0.208311 0.388753
0.116026 0.952685
0.223282 0.599418
