0.034488 0.445975
0.764013 0.296750
0.956482 0.889029
0.786937 0.900805
0.591873 0.681038
0.736535 0.875551
0.013879 0.834516
0.320840 0.860531
0.561666 0.099433
0.953028 0.989718
0.596915 0.899451
0.265972 0.854224
0.749618 0.798410
0.017891 0.515703
0.839895 0.481256
0.916071 0.509659
0.081387 0.165306
0.333138 0.217050
0.725025 0.482901
0.422318 0.301126
0.019555 0.387043
0.169452 0.195467
0.700637 0.531357
0.808786 0.572301
0.798195 0.307865
0.012485 0.014723
0.612247 0.545796
0.016995 0.804003
0.437870 0.615317
0.035529 0.988318
0.095038 0.191085
0.082993 0.138773
0.594443 0.862427
0.314839 0.529059
0.367599 0.571090
0.716747 0.561826
0.031386 0.416316
0.773973 0.584095
0.954100 0.619393
0.331862 0.982727
0.233942 0.061129
0.425228 0.850255
0.358552 0.342910
0.626184 0.996707
0.613387 0.631767
0.029252 0.347045
0.308568 0.884404
0.051366 0.788593
0.976645 0.444362
0.630121 0.491750
0.948832 0.589702
0.519892 0.933186
0.879895 0.831141
0.997810 0.415148
0.460589 0.753837
0.013827 0.874840
0.859545 0.461199
0.451181 0.011830
0.237356 0.797065
0.786998 0.679114
0.491256 0.945809
0.850594 0.991343
0.193928 0.962054
0.822433 0.533519
0.832447 0.899075
0.462686 0.923690
0.112714 0.271382
0.018852 0.480679
0.436146 0.780308
0.010127 0.296613
0.877036 0.151384
0.294635 0.296462
0.600223 0.491198
0.814037 0.875759
0.274101 0.575628
0.448998 0.830308
0.881533 0.061764
0.338965 0.580589
0.656680 0.134287
0.574547 0.741061
0.158364 0.829717
0.891846 0.613474
0.676803 0.415447
0.924557 0.227255
0.594310 0.412624
0.009170 0.566166
0.204298 0.043958
0.409002 0.925732
0.791032 0.612596
0.135050 0.575918
0.859881 0.675113
0.239546 0.936704
0.526987 0.431169
0.325371 0.390647
0.681320 0.233481
0.052841 0.170737
0.017558 0.686887
0.255076 0.350846
0.511093 0.886438
0.781330 0.330712
0.611613 0.163508
0.433117 0.686068
0.788716 0.727459
0.581573 0.614208
0.997025 0.125541
0.137046 0.384908
0.846801 0.048186
0.300067 0.989205
0.587898 0.946996
0.863358 0.742182
0.828253 0.108777
0.768456 0.995691
0.306005 0.438798
0.665838 0.756765
0.007914 0.976518
0.340967 0.545976
0.051202 0.466541
0.550128 0.828248
0.094436 0.799040
0.297472 0.811529
0.250666 0.747204
0.657805 0.390532
0.068254 0.988779
0.139749 0.262163
0.591342 0.268067
0.499410 0.800800
0.734228 0.007814
0.401222 0.692857
0.271119 0.724574
0.275999 0.266387
0.320821 0.683811
0.984340 0.839192
0.923375 0.371655
0.697964 0.015718
0.064068 0.087432
0.953538 0.297555
0.522165 0.988730
0.253013 0.468747
0.044986 0.712698
0.974454 0.564964
0.227207 0.768544
0.516798 0.634229
0.433646 0.151819
0.648704 0.429695
0.458516 0.953837
0.521017 0.364458
0.835727 0.753627
0.654049 0.676070
0.092839 0.299658
0.327626 0.421951
0.736300 0.153440
0.128884 0.231361
0.476944 0.035399
0.804820 0.650371
0.210415 0.863770
0.583891 0.079470
0.516223 0.216797
0.310256 0.274087
0.157283 0.962255
0.207034 0.499055
0.757493 0.059182
0.581425 0.469787
0.992188 0.661240
0.855222 0.922128
0.246970 0.659341
0.919566 0.985453
0.628198 0.217847
0.993605 0.167727
0.592992 0.762737
0.125763 0.605626
0.367465 0.158791
0.082738 0.346792
0.846148 0.306595
0.371124 0.538504
0.524084 0.015986
0.759933 0.558148
0.109355 0.632449
0.808373 0.696696
0.314660 0.144936
0.566513 0.851331
0.866426 0.274236
0.732347 0.410343
0.454221 0.414402
0.472176 0.251246
0.122429 0.550012
0.118673 0.144884
0.789932 0.276945
0.308409 0.323900
0.645769 0.365581
0.155998 0.310372
0.341201 0.115019
0.201893 0.991557
0.297040 0.042266
0.630914 0.334250
0.346394 0.142531
0.260798 0.160918
0.037167 0.850662
0.564543 0.586238
0.965375 0.021626
0.534735 0.660950
0.181598 0.509742
0.577642 0.817162
0.821784 0.330855
0.419744 0.413331
0.984390 0.200626
0.237496 0.283937
0.725349 0.123172
0.172876 0.336913
0.603139 0.236774
0.402455 0.391701
0.459187 0.671492
0.046949 0.961256
0.914247 0.537158
0.716755 0.173296
0.698022 0.583424
0.288258 0.356519
0.547166 0.513149
0.440029 0.179324
0.230604 0.373015
0.452335 0.386317
0.743237 0.344648
0.075821 0.053250
0.108365 0.113479
0.689631 0.609379
0.269334 0.798163
0.537436 0.796652
0.810993 0.071219
0.529672 0.598536
0.237103 0.254872
0.829491 0.675926
0.010033 0.716620
0.848693 0.518569
0.752855 0.901749
0.679049 0.548852
0.915941 0.816513
0.608231 0.443091
0.686524 0.157478
0.292777 0.123674
0.073345 0.209428
0.386799 0.250237
0.362114 0.978998
0.515469 0.499469
0.085418 0.541016
0.722133 0.088688
0.554035 0.549225
0.562186 0.646920
0.802584 0.169293
0.299646 0.777895
0.208777 0.799130
0.162965 0.441813
0.163233 0.987563
0.734374 0.201386
0.124552 0.435592
0.556725 0.000224
0.676528 0.934263
0.357485 0.037309
0.550517 0.727720
0.816160 0.247676
0.159616 0.734828
0.389958 0.747038
0.113866 0.663448
0.386762 0.449467
0.018126 0.911020
0.963205 0.128961
0.126764 0.984928
0.043983 0.884142
0.610388 0.592782
0.393980 0.576800
0.129944 0.718739
0.429007 0.946858
0.028721 0.740560
0.356837 0.242625
0.467830 0.614271
0.922635 0.693724
0.324236 0.349026
0.708369 0.221950
0.263622 0.385184
0.048982 0.299947
0.489094 0.009729
0.798976 0.006516
0.564629 0.781922
0.304810 0.196949
0.959044 0.356658
0.394053 0.094808
0.501307 0.303031
0.534119 0.257767
0.800394 0.223940
0.562027 0.492438
0.369637 0.853488
0.549577 0.453674
0.882776 0.190658
0.144339 0.637764
0.716351 0.349648
0.234342 0.519749
0.346947 0.874334
0.186762 0.301391
0.051000 0.389084
0.979992 0.315499
0.405597 0.182966
0.343450 0.511935
0.172720 0.859868
0.633291 0.059681
0.744291 0.316661
0.639216 0.817933
0.544409 0.349699
0.012015 0.066833
0.709004 0.257639
0.425079 0.562878
0.218451 0.641696
0.656167 0.090471
0.807682 0.761481
0.236924 0.219219
0.196003 0.361158
0.221442 0.165582
0.283358 0.219374
0.131825 0.086847
0.073153 0.024995
0.483571 0.366855
0.931723 0.068068
0.887445 0.683577
0.667950 0.625543
0.124081 0.909827
0.757681 0.732828
0.951919 0.856572
0.228314 0.138883
0.034654 0.106052
0.014599 0.203238
0.432457 0.438308
0.268134 0.195284
0.100649 0.727356
0.271574 0.636391
0.347639 0.371019
0.616654 0.927834
0.760798 0.228719
0.766726 0.523045
0.159808 0.916182
0.648876 0.940344
0.528466 0.295675
0.355889 0.929865
0.064302 0.857206
0.223890 0.342999
0.169338 0.477391
0.535694 0.157824
0.879873 0.976912
0.357408 0.899674
0.766056 0.702029
0.356904 0.828606
0.083558 0.501767
0.802932 0.356371
0.384963 0.421128
0.829895 0.012069
0.798091 0.811451
0.775204 0.090420
0.761697 0.463879
0.183279 0.223935
0.737443 0.380160
0.912189 0.316514
0.885150 0.939520
0.104834 0.326850
0.001990 0.363911
0.308201 0.072013
0.512462 0.770776
0.758043 0.432810
0.923189 0.871505
0.648605 0.843775
0.077641 0.775648
0.126753 0.036512
0.542608 0.041601
0.383411 0.669096
0.723478 0.512876
0.982039 0.387887
0.279728 0.482847
0.239555 0.984178
0.928291 0.256463
0.821458 0.788648
0.155559 0.359845
0.759418 0.175821
0.504425 0.448905
0.989899 0.043847
0.983501 0.282132
0.789356 0.453688
0.766350 0.960868
0.826738 0.149045
0.921409 0.634275
0.471576 0.695975
0.962235 0.418252
0.967769 0.157516
0.520520 0.733285
0.818567 0.725662
0.314226 0.103348
0.027926 0.770293
0.884151 0.334943
0.151352 0.161444
0.917611 0.345712
0.817602 0.599734
0.950368 0.044997
0.814327 0.036896
0.238198 0.556779
0.379251 0.218378
0.759645 0.125631
0.856792 0.169688
0.414361 0.270860
0.663592 0.453912
0.930593 0.120721
0.037403 0.669345
0.890694 0.032542
0.399744 0.538600
0.465346 0.983828
0.664202 0.570881
0.185020 0.722445
0.369843 0.063842
0.047868 0.818011
0.973376 0.967843
0.509023 0.100125
0.630065 0.097818
0.610030 0.388814
0.140111 0.462181
0.746390 0.765679
0.612784 0.362906
0.530518 0.960920
0.005968 0.608698
0.561675 0.413195
0.727558 0.740399
0.459419 0.352971
0.210385 0.926178
0.556159 0.938453
0.959357 0.648725
0.934484 0.665151
0.236983 0.443372
0.495408 0.912386
0.648295 0.907571
0.297915 0.663125
0.680533 0.729340
0.844366 0.710420
0.898207 0.117234
0.748102 0.095281
0.759310 0.929421
0.301602 0.631080
0.337952 0.951846
0.181601 0.934672
0.674787 0.066673
0.343998 0.281477
0.253504 0.696960
0.914371 0.044674
0.488878 0.125042
0.163344 0.277704
0.674134 0.894042
0.495748 0.712320
0.594728 0.793310
0.630623 0.763276
0.865891 0.213861
0.638036 0.700972
0.850145 0.795403
0.095989 0.982653
0.666700 0.991136
0.496794 0.662236
0.548483 0.620493
0.958252 0.684556
0.180746 0.600180
0.799078 0.851683
0.320041 0.493426
0.629739 0.520697
0.355460 0.441865
0.147755 0.666590
0.869526 0.110986
0.901618 0.568585
0.975247 0.100677
0.750073 0.267344
0.947988 0.829220
0.029150 0.586170
0.397064 0.843044
0.672771 0.819111
0.097912 0.920959
0.821553 0.289544
0.906110 0.146513
0.837891 0.362421
0.171097 0.537567
0.706442 0.717970
0.624718 0.129059
0.981314 0.926004
0.165553 0.768557
0.692822 0.452048
0.164122 0.569267
0.183527 0.805822
0.263284 0.539844
0.149072 0.500703
0.648463 0.728999
0.565370 0.165624
0.480351 0.824234
0.433022 0.983232
0.986587 0.002107
0.962231 0.260415
0.147640 0.057753
0.688854 0.845159
0.633303 0.614036
0.899745 0.488180
0.059585 0.526597
0.821281 0.828258
0.500931 0.559872
0.541629 0.761947
0.908718 0.956754
0.479609 0.776783
0.778890 0.790260
0.428425 0.746302
0.592108 0.981421
0.097586 0.597602
0.119507 0.173892
0.560402 0.681453
0.274753 0.442577
0.660978 0.868214
0.900840 0.890754
0.702384 0.683586
0.773903 0.828904
0.390405 0.025756
0.378953 0.954247
0.954390 0.933345
0.611511 0.710928
0.210341 0.238662
0.239762 0.586205
0.198108 0.114600
0.039993 0.615293
0.490267 0.856076
0.325042 0.833545
0.424670 0.064898
0.178418 0.662710
0.651636 0.593905
0.077110 0.824468
0.543755 0.222437
0.322426 0.713616
0.417705 0.207595
0.459531 0.064075
0.104713 0.464928
0.092572 0.244902
0.477252 0.643043
0.073538 0.722884
0.661454 0.261772
0.405513 0.630779
0.062654 0.426537
0.998631 0.253641
0.115195 0.364181
0.627023 0.460555
0.882234 0.862008
0.231259 0.723405
0.985435 0.229325
0.681659 0.967878
0.889826 0.457541
0.802445 0.196846
0.245940 0.037274
0.791283 0.549847
0.409484 0.773508
0.385303 0.917842
0.377638 0.509461
0.768572 0.625321
0.391398 0.812230
0.771240 0.656700
0.624763 0.892944
0.592663 0.145370
0.578120 0.190010
0.699788 0.877232
0.499463 0.270881
0.258303 0.911057
0.907932 0.782568
0.606784 0.832150
0.124346 0.691461
0.876292 0.304419
0.266167 0.132234
0.557198 0.066965
0.929257 0.567357
0.192377 0.765532
0.120543 0.489716
0.421578 0.813209
0.356450 0.407032
0.091289 0.691772
0.909015 0.177590
0.995584 0.755526
0.637691 0.248444
0.619595 0.669259
0.675544 0.113886
0.412551 0.658423
0.955538 0.751266
0.275163 0.882357
0.449579 0.318035
0.412793 0.236348
0.473825 0.534739
0.538063 0.908894
0.842691 0.854844
0.184719 0.423002
0.494550 0.975782
0.811080 0.918851
0.275879 0.328427
0.028533 0.042342
0.824059 0.628599
0.984534 0.868510
0.188379 0.175314
0.963758 0.468706
0.598405 0.110721
0.780275 0.250963
0.928880 0.728485
0.867114 0.772649
0.422677 0.094302
0.223222 0.695152
0.223465 0.085745
0.579206 0.373140
0.381516 0.126017
0.438602 0.039569
0.795652 0.972298
0.993567 0.539238
0.837990 0.078856
0.145075 0.883896
0.755013 0.849072
0.442388 0.250653
0.356952 0.009439
0.892926 0.002879
0.243954 0.620721
0.297367 0.960666
0.018088 0.140892
0.769435 0.201466
0.905360 0.431865
0.159192 0.697357
0.117299 0.875445
0.773883 0.027090
0.879143 0.415808
0.208554 0.201590
0.061012 0.750567
0.962083 0.779641
0.499331 0.610926
0.233751 0.113641
0.138627 0.117980
0.949604 0.518244
0.709490 0.308050
0.204282 0.322474
0.787532 0.056235
0.264179 0.298200
0.709312 0.987756
0.021070 0.641994
0.946854 0.490338
0.046002 0.499978
0.885330 0.800725
0.466903 0.187738
0.374533 0.276835
0.958447 0.188900
0.723656 0.058117
0.884462 0.365372
0.299275 0.380311
0.062776 0.685452
0.624302 0.863163
0.488411 0.584655
0.919262 0.602727
0.590577 0.518395
0.363235 0.644967
0.754282 0.495051
0.357510 0.797756
0.133291 0.750061
0.240018 0.187222
0.711646 0.656147
0.154948 0.608177
0.488232 0.409352
0.633729 0.562870
0.477214 0.436588
0.782767 0.384342
0.108293 0.216943
0.404416 0.328414
0.212085 0.668167
0.096606 0.082361
0.405984 0.967582
0.573224 0.339902
0.539002 0.873237
0.240841 0.866599
0.925485 0.760946
0.032560 0.543814
0.262844 0.239680
0.473298 0.155151
0.529474 0.473267
0.590976 0.648420
0.085630 0.892079
0.083544 0.952926
0.725566 0.286300
0.511352 0.684716
0.869980 0.494201
0.566875 0.884015
0.255589 0.503276
0.232605 0.897170
0.333958 0.310905
0.946072 0.328305
0.907492 0.087337
0.493605 0.065322
0.657284 0.326217
0.733023 0.703910
0.929905 0.014722
0.855238 0.339517
0.288136 0.513261
0.128961 0.300192
0.325510 0.912327
0.359410 0.727484
0.156914 0.233193
0.074434 0.112552
0.428978 0.533608
0.176332 0.011774
0.327855 0.768727
0.953821 0.227688
0.418352 0.014827
0.375745 0.188865
0.719092 0.781755
0.937879 0.441569
0.513399 0.332982
0.939457 0.957093
0.893636 0.252559
0.540296 0.188785
0.195000 0.559311
0.549483 0.318299
0.929756 0.286431
0.835040 0.185723
0.861422 0.242724
0.330144 0.251213
0.932028 0.194506
0.850528 0.824986
0.657667 0.482861
0.358402 0.761646
0.576012 0.439530
0.707770 0.953469
0.577573 0.300312
0.004843 0.448908
0.868844 0.083776
0.270819 0.603400
0.304247 0.600266
0.561421 0.971281
0.608481 0.071288
0.774288 0.874149
0.527905 0.403794
0.500797 0.194033
0.872892 0.712029
0.289789 0.911049
0.269129 0.978370
0.150831 0.411882
0.553084 0.383812
0.022561 0.320992
0.333466 0.614543
0.706441 0.812615
0.639124 0.295668
0.006670 0.093355
0.441873 0.880666
0.901836 0.393913
0.635308 0.185303
0.090081 0.437358
0.812468 0.387716
0.733768 0.239513
0.084213 0.655854
0.699377 0.758592
0.154831 0.798445
0.211938 0.613269
0.474703 0.891047
0.573808 0.915162
0.798290 0.517436
0.391689 0.994174
0.835998 0.217321
0.735369 0.584967
0.108162 0.835101
0.217487 0.015820
0.786626 0.488370
0.795233 0.420599
0.390153 0.352113
0.846981 0.647219
0.840234 0.398910
0.935195 0.905557
0.778414 0.760399
0.091413 0.861326
0.192558 0.146579
0.526055 0.537130
0.856484 0.957389
0.535963 0.701490
0.289956 0.409711
0.238070 0.315422
0.856829 0.879693
0.141075 0.195051
0.307343 0.936776
0.268530 0.943752
0.173564 0.036824
0.101952 0.759845
0.740629 0.644017
0.449018 0.281345
0.303382 0.467964
0.695131 0.483294
0.987708 0.899029
0.440163 0.481348
0.864505 0.385566
0.681102 0.654247
0.208318 0.583045
0.594851 0.010113
0.613478 0.739841
0.303795 0.238378
0.498626 0.522802
0.431091 0.344130
0.257166 0.825283
0.329558 0.646435
0.539454 0.118221
0.075897 0.472726
0.695721 0.088769
0.292933 0.704038
0.349054 0.672729
0.607247 0.304198
0.326587 0.173752
0.460031 0.459249
0.095524 0.568333
0.653320 0.785769
0.319694 0.013032
0.363878 0.314112
0.902938 0.659644
0.737957 0.539034
0.295458 0.744247
0.629282 0.410951
0.383042 0.782094
0.446503 0.218570
0.818748 0.453660
0.878702 0.640454
0.082820 0.403737
0.700209 0.131985
0.290754 0.165730
0.312222 0.569397
0.692057 0.328008
0.477854 0.218746
0.734838 0.822416
0.056412 0.562988
0.675258 0.696901
0.124539 0.810204
0.876631 0.587215
0.139573 0.939215
0.645623 0.647522
0.441704 0.645734
0.281902 0.088375
0.114053 0.406794
0.328046 0.043118
0.053858 0.358414
0.722152 0.905951
0.930081 0.409229
0.972734 0.070461
0.944172 0.094274
0.252860 0.010306
0.138104 0.012993
0.936560 0.154951
0.273191 0.675578
0.191111 0.693697
0.024158 0.172270
0.045935 0.018986
0.656491 0.528098
0.399386 0.153577
0.790722 0.939068
0.426829 0.716783
0.462495 0.859720
0.210530 0.535651
0.987491 0.340914
0.364940 0.096354
0.436098 0.910117
0.195495 0.078754
0.447671 0.514261
0.226211 0.832290
0.209102 0.279935
0.417626 0.125203
0.329512 0.739525
0.505325 0.243279
0.194441 0.836752
0.336247 0.463135
0.527779 0.079301
0.994178 0.783994
0.055484 0.907605
0.269762 0.057788
0.108835 0.518716
0.385814 0.881932
0.620468 0.273161
0.573472 0.219822
0.698397 0.916896
0.291046 0.549078
0.450063 0.099581
0.360357 0.480923
0.415910 0.460981
0.202186 0.895118
0.568698 0.029452
0.981371 0.513719
0.361145 0.606888
0.986204 0.692519
0.167792 0.103803
0.137414 0.848797
0.047656 0.135963
0.862941 0.021910
0.951760 0.385780
0.163958 0.135873
0.740548 0.976869
0.211046 0.434926
0.115307 0.954003
0.604405 0.199303
0.291563 0.842921
0.742094 0.675985
0.028796 0.938380
0.087220 0.376945
0.044893 0.204555
0.663436 0.016603
0.743831 0.609374
0.849559 0.130725
0.477765 0.092957
0.064721 0.322477
0.328401 0.801693
0.600046 0.333854
0.473573 0.293990
0.383851 0.617020
0.025076 0.269385
0.657948 0.217156
0.423040 0.372018
0.825589 0.424958
0.128998 0.779161
0.064796 0.932223
0.532598 0.571496
0.415216 0.595907
0.878203 0.905454
0.208199 0.740790
0.223995 0.476810
0.360183 0.698781
0.193995 0.463044
0.224943 0.961603
0.764678 0.404788
0.413682 0.502054
0.173127 0.386878
0.695688 0.194576
0.924074 0.466970
0.668503 0.186424
0.185607 0.258871
0.471625 0.496605
0.658126 0.042641
0.079165 0.274825
0.941129 0.797827
0.798219 0.133576
0.045323 0.068188
0.482490 0.330688
0.491723 0.743788
0.268619 0.768853
0.684186 0.788924
0.141848 0.529979
0.392223 0.719453
0.678746 0.506168
0.256337 0.416984
0.515832 0.137463
0.817085 0.491325
0.900433 0.284441
0.397860 0.055606
0.687405 0.275578
0.987115 0.631458
0.990694 0.486084
0.844684 0.582384
0.376561 0.380939
0.730809 0.453880
0.647800 0.159249
0.982351 0.730108
0.856465 0.433084
0.901607 0.717710
0.281976 0.016869
0.701864 0.397834
0.981093 0.593711
0.175548 0.889757
0.512519 0.044410
0.823256 0.974580
0.579854 0.709506
0.567389 0.131816
0.952349 0.545840
0.458247 0.722995
0.390435 0.301160
0.956228 0.715889
0.052533 0.266958
0.842696 0.553415
0.998771 0.948244
0.501993 0.167487
0.201606 0.395140
0.578835 0.543174
0.109266 0.056115
0.555078 0.280350
0.798263 0.104783
0.829195 0.943154
0.339566 0.076393
0.695813 0.373377
0.621426 0.796475
0.738817 0.032574
0.056417 0.644726
0.595310 0.042129
0.978378 0.810879
0.230048 0.403475
0.347932 0.193530
0.491912 0.476749
0.732138 0.942233
0.411772 0.883362
0.025502 0.233973
0.697054 0.044503
0.075532 0.620408
0.455875 0.129764
0.914770 0.924071
0.911275 0.845098
0.675306 0.354355
0.627168 0.026416
0.257167 0.096043
0.874161 0.554124
0.774404 0.151745
0.133346 0.336606
0.898892 0.218598
0.670453 0.298781
0.855085 0.613674
0.567342 0.249540
0.182126 0.634251
0.718758 0.849891
0.837152 0.264272
0.881077 0.524969
0.519089 0.851639
0.391579 0.481185
0.616408 0.959746
0.100198 0.015287
0.064840 0.590131
0.450672 0.584554
0.502570 0.386734
0.766590 0.359597
0.059208 0.237398
0.456956 0.798940
0.643988 0.970372
0.591772 0.573627
0.461416 0.558653
0.893929 0.750731
0.710059 0.430331
0.169436 0.071981
0.518947 0.823195
0.713861 0.623164
