0.018831 0.134296
0.837435 0.042511
0.125027 0.987025
0.051947 0.577008
0.686403 0.129244
0.234718 0.057628
0.797868 0.155221
0.049121 0.083614
0.387906 0.605110
0.031554 0.027729
0.714261 0.619314
0.052371 0.128966
0.633009 0.493192
0.584723 0.927468
0.101914 0.563274
0.385290 0.306423
0.366410 0.821665
0.721800 0.691491
0.272314 0.810208
0.862232 0.134350
0.504770 0.963445
0.625190 0.127233
0.035639 0.203589
0.080276 0.086594
0.017020 0.000833
0.551771 0.623043
0.623371 0.285954
0.961205 0.264850
0.483100 0.234208
0.670771 0.808315
0.739226 0.040684
0.282953 0.652130
0.924316 0.015154
0.836770 0.010761
0.693868 0.530314
0.736333 0.577141
0.436726 0.549331
0.177862 0.424364
0.943886 0.036114
0.887485 0.116771
0.074844 0.559559
0.051490 0.959168
0.637927 0.725062
0.426498 0.600787
0.482257 0.850483
0.022573 0.270612
0.810470 0.272928
0.610109 0.400805
0.610254 0.942504
0.362625 0.493051
0.418024 0.920991
0.392987 0.665374
0.794887 0.192091
0.800218 0.046860
0.026016 0.443334
0.664338 0.484984
0.475615 0.305463
0.307194 0.541665
0.055364 0.535972
0.450646 0.835331
0.902597 0.416236
0.525556 0.387078
0.376854 0.692886
0.602875 0.509590
0.760078 0.750236
0.402368 0.389628
0.397064 0.124266
0.745295 0.217752
0.337073 0.905811
0.020260 0.917322
0.579928 0.126044
0.280400 0.165524
0.971261 0.103223
0.680746 0.230389
0.304162 0.480483
0.774589 0.211062
0.461066 0.773574
0.372526 0.953212
0.424520 0.646216
0.107976 0.354112
0.766916 0.568720
0.360714 0.921078
0.300771 0.511662
0.413883 0.527955
0.996004 0.028099
0.910645 0.345707
0.932067 0.423130
0.762520 0.650441
0.652122 0.149644
0.506086 0.445246
0.062140 0.450344
0.263547 0.871475
0.712923 0.993614
0.676981 0.460505
0.559056 0.584385
0.227647 0.360313
0.384006 0.788243
0.808139 0.808878
0.709868 0.215477
0.587087 0.965230
0.187266 0.667164
0.225112 0.326375
0.051551 0.869226
0.267429 0.622393
0.631588 0.171488
0.008420 0.196409
0.864862 0.264912
0.562905 0.891704
0.617950 0.867373
0.990528 0.250725
0.961307 0.007492
0.507433 0.410320
0.962703 0.383172
0.296572 0.878611
0.812525 0.838261
0.390204 0.508554
0.469913 0.346723
0.146417 0.722304
0.513583 0.830276
0.106174 0.052309
0.144933 0.417016
0.447096 0.288915
0.748765 0.839703
0.284800 0.562114
0.073902 0.850130
0.414425 0.413533
0.615415 0.441786
0.102530 0.676482
0.754197 0.940666
0.225547 0.399757
0.630028 0.533639
0.896272 0.017668
0.974133 0.042583
0.496612 0.572297
0.490107 0.934762
0.246569 0.140375
0.992721 0.896446
0.699788 0.801009
0.549259 0.028884
0.036110 0.741646
0.205014 0.374161
0.777165 0.857249
0.096853 0.391475
0.694302 0.502397
0.618087 0.566754
0.623152 0.689724
0.744919 0.873549
0.091169 0.000417
0.972352 0.406549
0.804093 0.771190
0.842119 0.819777
0.024034 0.537399
0.175047 0.516069
0.992811 0.530127
0.722399 0.818922
0.049454 0.280854
0.353445 0.126486
0.282762 0.360379
0.651302 0.366921
0.705084 0.558054
0.836258 0.791797
0.820880 0.720715
0.420576 0.301755
0.848622 0.912553
0.854078 0.457720
0.081468 0.821016
0.451661 0.919545
0.990047 0.992210
0.066005 0.503880
0.878134 0.930882
0.325377 0.150598
0.928440 0.545776
0.929588 0.952330
0.566352 0.200057
0.965723 0.197833
0.367602 0.884160
0.838710 0.883752
0.842429 0.225296
0.617689 0.250297
0.868320 0.828913
0.078157 0.056314
0.435945 0.059237
0.022489 0.970808
0.650358 0.563984
0.392405 0.212392
0.506989 0.173738
0.118898 0.080059
0.655157 0.022535
0.634131 0.204758
0.482498 0.822403
0.874363 0.343295
0.035885 0.667246
0.078402 0.365845
0.748388 0.804439
0.785411 0.319055
0.047711 0.825106
0.311343 0.177558
0.711913 0.590918
0.066010 0.671470
0.259105 0.747463
0.362959 0.529551
0.131645 0.127482
0.479125 0.595634
0.455175 0.579482
0.187844 0.810671
0.561558 0.993683
0.283341 0.462364
0.391737 0.247860
0.203952 0.610168
0.331680 0.810534
0.315546 0.006932
0.744972 0.417862
0.487307 0.624571
0.030552 0.317870
0.136306 0.357559
0.892216 0.080917
0.164746 0.977844
0.692846 0.639844
0.577349 0.799523
0.399613 0.358696
0.150836 0.233120
0.588325 0.705029
0.286666 0.310689
0.346074 0.762039
0.092337 0.187455
0.407111 0.329187
0.024623 0.886915
0.604939 0.321764
0.607875 0.598659
0.830484 0.097834
0.267128 0.117602
0.722218 0.657374
0.121289 0.533793
0.447758 0.086419
0.873922 0.751298
0.465268 0.647542
0.536038 0.741670
0.814720 0.503316
0.244894 0.677510
0.573600 0.084331
0.739402 0.500721
0.673597 0.261231
0.338444 0.632538
0.044463 0.639572
0.684918 0.947539
0.043159 0.240305
0.046631 0.477047
0.780398 0.613950
0.005489 0.664577
0.056060 0.899911
0.990438 0.561146
0.490741 0.198009
0.710868 0.480708
0.801700 0.700742
0.345737 0.169428
0.159304 0.655386
0.355928 0.253823
0.846962 0.343766
0.643723 0.856947
0.233450 0.585131
0.334189 0.876108
0.071138 0.025691
0.930413 0.576349
0.986218 0.362923
0.267739 0.591762
0.522417 0.044415
0.887974 0.516455
0.216900 0.941338
0.423204 0.776813
0.964101 0.304323
0.442841 0.747580
0.873999 0.053755
0.242041 0.811205
0.216842 0.971966
0.739838 0.190578
0.547915 0.810570
0.644873 0.264124
0.586628 0.453607
0.000915 0.862940
0.197783 0.874590
0.111275 0.714237
0.343651 0.401367
0.286202 0.704284
0.279165 0.050025
0.106136 0.106785
0.834173 0.761285
0.949660 0.121226
0.500430 0.323771
0.659763 0.120126
0.435404 0.436792
0.114155 0.426197
0.987985 0.217538
0.534904 0.558555
0.840779 0.388510
0.148979 0.268243
0.936062 0.089485
0.323719 0.313967
0.450912 0.618123
0.064827 0.395082
0.315494 0.126022
0.520015 0.699547
0.120115 0.238848
0.041126 0.159259
0.897478 0.555877
0.433567 0.378768
0.609380 0.721493
0.957858 0.230499
0.694972 0.873724
0.642697 0.592443
0.198235 0.482353
0.950764 0.693971
0.015941 0.235833
0.305403 0.035254
0.985056 0.135901
0.391050 0.718266
0.849940 0.948248
0.526489 0.151901
0.857411 0.416921
0.586498 0.865293
0.253479 0.357005
0.303413 0.631213
0.216738 0.710818
0.101829 0.450938
0.557726 0.264601
0.978317 0.708693
0.769977 0.044151
0.197530 0.013188
0.935276 0.493818
0.306049 0.943952
0.787419 0.082128
0.771901 0.106661
0.175477 0.596070
0.158240 0.690398
0.585425 0.566745
0.866241 0.023762
0.491974 0.376480
0.185781 0.393364
0.107870 0.847320
0.019731 0.801719
0.375952 0.146098
0.584789 0.041776
0.868116 0.204176
0.873666 0.170386
0.216585 0.198793
0.720017 0.854632
0.792902 0.544837
0.908212 0.882387
0.584054 0.388401
0.501824 0.064343
0.422426 0.716799
0.025442 0.567410
0.728145 0.745489
0.144461 0.468558
0.583630 0.634613
0.845079 0.158699
0.960556 0.467509
0.735132 0.968295
0.336179 0.943517
0.414139 0.162104
0.125385 0.744919
0.435731 0.027370
0.659812 0.184745
0.792441 0.247555
0.464200 0.949962
0.991749 0.461887
0.826000 0.679561
0.879066 0.694016
0.503803 0.764414
0.479033 0.520961
0.365606 0.227292
0.314362 0.417029
0.957428 0.521812
0.870958 0.540925
0.142883 0.009557
0.878478 0.964607
0.826710 0.645704
0.154065 0.150657
0.151136 0.621762
0.014375 0.722081
0.707197 0.282427
0.168993 0.780014
0.745961 0.130834
0.838970 0.194407
0.804740 0.115170
0.513556 0.607491
0.541670 0.523626
0.081255 0.424122
0.970369 0.876878
0.537966 0.331334
0.118173 0.877582
0.004190 0.636512
0.679733 0.578434
0.849316 0.691174
0.622653 0.083244
0.879352 0.662326
0.390131 0.574944
0.426892 0.262540
0.371977 0.408773
0.912753 0.170888
0.882942 0.626459
0.901600 0.235518
0.711292 0.178743
0.031958 0.101750
0.321727 0.354178
0.463087 0.379121
0.057764 0.721160
0.217049 0.134222
0.641157 0.661950
0.715491 0.394016
0.759258 0.776676
0.341007 0.556225
0.510081 0.225264
0.783184 0.793404
0.511516 0.729561
0.844256 0.733353
0.768645 0.485257
0.224610 0.493264
0.660928 0.744925
0.039586 0.378200
0.552517 0.106949
0.480585 0.412786
0.499977 0.873945
0.485974 0.687064
0.712556 0.137368
0.002287 0.587985
0.788968 0.509212
0.029306 0.847909
0.861362 0.101370
0.231729 0.734044
0.191178 0.980514
0.155570 0.942825
0.155492 0.177692
0.504220 0.124942
0.725984 0.525469
0.484155 0.469061
0.904417 0.486643
0.710138 0.334932
0.110401 0.020842
0.571689 0.329246
0.795549 0.662652
0.157929 0.329355
0.172661 0.047739
0.904177 0.981418
0.121198 0.170595
0.633589 0.970334
0.784340 0.967051
0.606966 0.984938
0.206501 0.425948
0.650342 0.229160
0.841188 0.585881
0.428671 0.108848
0.398627 0.276047
0.178119 0.199371
0.284710 0.737761
0.830550 0.250692
0.654992 0.070323
0.786944 0.933847
0.776785 0.687821
0.202657 0.575468
0.979263 0.815954
0.459889 0.006678
0.421143 0.230858
0.048807 0.999918
0.476033 0.272880
0.875949 0.482012
0.797867 0.634432
0.019126 0.612761
0.348659 0.360746
0.431157 0.948936
0.399935 0.479684
0.314684 0.574126
0.960619 0.582842
0.651391 0.398261
0.102521 0.762976
0.402139 0.185373
0.944432 0.612422
0.216052 0.793567
0.347481 0.011260
0.874208 0.236489
0.687703 0.017122
0.608115 0.224530
0.470017 0.442111
0.547440 0.689099
0.713215 0.027481
0.824522 0.362320
0.728949 0.439125
0.678294 0.606906
0.407826 0.626884
0.705294 0.253105
0.690502 0.312453
0.680176 0.391256
0.524206 0.468805
0.233433 0.882171
0.257067 0.390819
0.110223 0.812329
0.317468 0.205660
0.181113 0.087738
0.545058 0.304214
0.125957 0.783880
0.392303 0.834838
0.086878 0.734165
0.442484 0.665638
0.227802 0.551237
0.427447 0.893540
0.970269 0.495289
0.850457 0.071971
0.941663 0.879489
0.132032 0.564555
0.283222 0.254360
0.250291 0.251711
0.245021 0.099165
0.960838 0.734485
0.360311 0.574849
0.570600 0.509021
0.148643 0.890022
0.017996 0.474322
0.953454 0.937882
0.575772 0.830067
0.002749 0.693632
0.347047 0.436361
0.690996 0.737639
0.108195 0.596824
0.685191 0.162434
0.861147 0.307719
0.464529 0.493218
0.930223 0.242005
0.726942 0.305798
0.983110 0.789201
0.901440 0.298031
0.278047 0.902109
0.817456 0.300832
0.603509 0.146086
0.536095 0.238933
0.258133 0.448810
0.652831 0.329734
0.667127 0.542116
0.248818 0.026155
0.337361 0.281457
0.016169 0.057734
0.961589 0.435628
0.633385 0.762663
0.309948 0.852745
0.529853 0.876167
0.365281 0.735707
0.747029 0.714546
0.674886 0.345263
0.316572 0.069116
0.566170 0.229445
0.825711 0.535241
0.187999 0.902122
0.471498 0.797322
0.557021 0.718630
0.269764 0.964262
0.082443 0.274713
0.986035 0.282709
0.610426 0.017491
0.138202 0.596362
0.482741 0.089127
0.224702 0.014144
0.573521 0.295241
0.198788 0.742482
0.508394 0.296518
0.212982 0.645343
0.449351 0.323479
0.240969 0.167771
0.352036 0.201644
0.333146 0.492406
0.168414 0.866862
0.282402 0.841313
0.006221 0.385934
0.915172 0.609229
0.641156 0.306718
0.175325 0.246531
0.457367 0.138117
0.108033 0.292644
0.597787 0.538070
0.254975 0.709635
0.713129 0.101801
0.904903 0.050168
0.814429 0.409967
0.081368 0.154317
0.259591 0.326852
0.884657 0.802803
0.409404 0.084963
0.191567 0.123075
0.270503 0.528221
0.080532 0.699442
0.086087 0.910171
0.372645 0.376350
0.273725 0.676491
0.273666 0.992373
0.531332 0.589349
0.492852 0.658187
0.666044 0.776904
0.354518 0.790634
0.907209 0.678173
0.036242 0.770784
0.811043 0.867396
0.596228 0.200327
0.399584 0.868715
0.069018 0.248396
0.525081 0.006314
0.157467 0.540688
0.601696 0.665931
0.429832 0.198820
0.504243 0.260886
0.080350 0.598166
0.164915 0.122122
0.469525 0.058790
0.093950 0.318547
0.205899 0.073006
0.971523 0.637456
0.834417 0.434563
0.185315 0.312742
0.152227 0.068781
0.777547 0.826557
0.141958 0.852797
0.740650 0.099231
0.693096 0.838699
0.934966 0.722573
0.104447 0.501770
0.114477 0.264658
0.897025 0.584930
0.392591 0.935647
0.053962 0.795307
0.374118 0.176850
0.670913 0.291574
0.259610 0.070254
0.107450 0.142637
0.177712 0.837852
0.246332 0.944263
0.525195 0.942549
0.530444 0.275909
0.391153 0.901089
0.818728 0.564252
0.792091 0.468116
0.466720 0.548499
0.551238 0.769147
0.642156 0.456915
0.736617 0.158295
0.932329 0.758267
0.933844 0.984830
0.770984 0.909377
0.744180 0.009003
0.634604 0.420344
0.942140 0.361153
0.992998 0.429338
0.193602 0.547279
0.928042 0.269840
0.060640 0.177806
0.297627 0.601674
0.575978 0.678213
0.545704 0.133434
0.555821 0.655103
0.912984 0.813403
0.982702 0.169828
0.344499 0.690916
0.873397 0.871745
0.174671 0.286528
0.435763 0.866197
0.999736 0.500361
0.407109 0.969598
0.493518 0.988520
0.378130 0.101936
0.809154 0.221147
0.234552 0.614288
0.593733 0.896666
0.766208 0.248292
0.694772 0.680547
0.321726 0.658663
0.926250 0.210206
0.672331 0.662526
0.349455 0.320022
0.630863 0.824298
0.087575 0.879560
0.114753 0.206545
0.749377 0.679237
0.071491 0.979443
0.143817 0.204019
0.533067 0.425522
0.048778 0.930820
0.443044 0.516131
0.729330 0.360456
0.656234 0.513923
0.406569 0.042644
0.425555 0.138868
0.569088 0.159925
0.164381 0.569613
0.528811 0.783813
0.934683 0.671641
0.327332 0.230219
0.705123 0.964674
0.502888 0.546394
0.006394 0.768886
0.301352 0.813464
0.129693 0.689232
0.499282 0.021225
0.647271 0.097418
0.515338 0.101184
0.559059 0.957201
0.217678 0.679115
0.906642 0.374438
0.276447 0.420143
0.766683 0.172114
0.232463 0.766266
0.162034 0.916344
0.639465 0.794846
0.823084 0.325903
0.845579 0.284235
0.015882 0.351513
0.586760 0.354449
0.284287 0.200205
0.454738 0.219274
0.271355 0.280794
0.339014 0.099457
0.502274 0.494023
0.930475 0.393534
0.165571 0.487733
0.330171 0.600424
0.760396 0.979498
0.082103 0.476110
0.714886 0.896061
0.185923 0.161093
0.038779 0.697438
0.632653 0.620418
0.169007 0.015630
0.743787 0.547465
0.376166 0.639798
0.047562 0.052593
0.364293 0.854630
0.242432 0.423776
0.599758 0.173774
0.557619 0.856567
0.002318 0.106572
0.552015 0.448694
0.407430 0.804989
0.114771 0.627170
0.916394 0.852776
0.810445 0.903795
0.913833 0.910990
0.934775 0.787120
0.931354 0.063136
0.897262 0.146921
0.433019 0.985096
0.892262 0.321154
0.896151 0.198008
0.939360 0.183380
0.772048 0.381337
0.980071 0.921746
0.636057 0.932326
0.521979 0.666974
0.522927 0.636980
0.151031 0.443967
0.933447 0.457728
0.188163 0.699283
0.813215 0.958696
0.845408 0.618484
0.286482 0.138592
0.845468 0.854039
0.370753 0.463652
0.929013 0.139879
0.674483 0.710526
0.846684 0.491459
0.901463 0.775414
0.682889 0.198935
0.742577 0.272139
0.384806 0.991361
0.331055 0.977373
0.505254 0.798063
0.857430 0.563138
0.357121 0.077382
0.077624 0.119090
0.746688 0.330529
0.543842 0.488280
0.118881 0.477195
0.269450 0.498016
0.580528 0.011286
0.802906 0.440322
0.961042 0.550626
0.765271 0.350682
0.969437 0.845243
0.305237 0.284794
0.733258 0.243474
0.407716 0.450363
0.361959 0.047071
0.871564 0.598269
0.289198 0.772299
0.913207 0.107134
0.068027 0.760193
0.468840 0.114259
0.964640 0.766748
0.808577 0.991012
0.478248 0.748649
0.505765 0.350207
0.018221 0.410617
0.994143 0.326464
0.064876 0.208970
0.783082 0.884781
0.213212 0.297934
0.742182 0.905117
0.277061 0.933223
0.609260 0.795396
0.427134 0.489414
0.414341 0.687082
0.382440 0.434255
0.249599 0.844696
0.741478 0.631039
0.822374 0.930560
0.619476 0.373124
0.890832 0.844317
0.244411 0.644728
0.247796 0.217825
0.182082 0.631913
0.085467 0.788844
0.215967 0.911490
0.979136 0.607735
0.659116 0.961101
0.194712 0.222136
0.961843 0.973770
0.667135 0.047049
0.599994 0.103806
0.222466 0.235392
0.474279 0.902538
0.872051 0.721187
0.311565 0.684649
0.205437 0.518890
0.776742 0.138002
0.005185 0.829571
0.865479 0.779683
0.333742 0.523385
0.135118 0.960662
0.693703 0.059397
0.639496 0.001347
0.093106 0.649883
0.774731 0.008964
0.580649 0.603707
0.544979 0.178687
0.575560 0.741901
0.918545 0.519611
0.554970 0.926626
0.797296 0.744674
0.089087 0.527733
0.169765 0.359191
0.464788 0.188596
0.316472 0.782571
0.248064 0.297385
0.564291 0.543477
0.377401 0.022070
0.047451 0.606685
0.131231 0.654037
0.289248 0.390321
0.966370 0.071731
0.355639 0.662814
0.574158 0.478105
0.009451 0.299117
0.256583 0.559153
0.695906 0.365512
0.604382 0.834341
0.765999 0.525942
0.153568 0.757993
0.537832 0.358881
0.956623 0.156530
0.584917 0.424788
0.388367 0.544710
0.445374 0.465212
0.659841 0.630778
0.670775 0.878426
0.609247 0.478145
0.306329 0.099457
0.047215 0.419379
0.139654 0.509727
0.384182 0.758761
0.607265 0.753814
0.255795 0.189995
0.556537 0.059300
0.136320 0.042690
0.948152 0.810812
0.870711 0.993409
0.973348 0.669105
0.122111 0.908286
0.697105 0.418451
0.411442 0.748109
0.801064 0.384193
0.217543 0.100347
0.742729 0.468807
0.089583 0.228201
0.420185 0.839314
0.186833 0.941998
0.317837 0.749594
0.012176 0.166323
0.125469 0.324037
0.601189 0.064579
0.116700 0.934070
0.935609 0.327559
0.198066 0.263033
0.663430 0.837049
0.045934 0.347123
0.463363 0.875816
0.840929 0.978063
0.248487 0.477987
0.299681 0.336474
0.333921 0.461638
0.449663 0.409757
0.674827 0.988628
0.851244 0.518678
0.147017 0.097986
0.775991 0.723836
0.535663 0.978573
0.463497 0.977379
0.343472 0.720359
0.226570 0.271093
0.210435 0.169852
0.100051 0.964600
0.196830 0.770638
0.195218 0.341064
0.239227 0.521904
0.695662 0.767435
0.796206 0.349152
0.758001 0.299509
0.216292 0.827863
0.388848 0.065246
0.333412 0.044683
0.485680 0.716834
0.893416 0.271483
0.947343 0.908814
0.827641 0.132665
0.939756 0.841541
0.721218 0.067242
0.316932 0.255237
0.722832 0.933491
0.515300 0.518848
0.586040 0.253092
0.779533 0.415174
0.803513 0.019495
0.419081 0.572060
0.533635 0.842861
0.174476 0.728897
0.693173 0.915854
0.724891 0.777105
0.438652 0.804856
0.241399 0.985242
0.454704 0.719052
0.335408 0.840361
0.278394 0.017944
0.878025 0.900121
0.358976 0.609385
0.222858 0.453685
0.451303 0.166987
0.557634 0.410065
0.142368 0.298488
0.032155 0.508138
0.614544 0.640528
0.597657 0.286628
0.880444 0.398901
0.870965 0.372415
0.880794 0.442191
0.284072 0.228256
0.815207 0.070738
0.855031 0.649993
0.583347 0.772062
0.627114 0.043969
0.664389 0.921753
0.365897 0.284746
0.248293 0.910029
0.305429 0.441447
0.154816 0.803831
0.081794 0.939416
0.204906 0.044281
0.319482 0.384871
0.648312 0.894010
0.755619 0.071873
0.074238 0.629237
0.472487 0.032074
0.711017 0.717874
0.072107 0.335959
0.372073 0.337571
0.703693 0.450017
0.940935 0.643953
0.010575 0.943767
0.745285 0.387952
0.313120 0.719004
0.309217 0.910873
0.454455 0.250369
0.062281 0.305717
0.216171 0.854879
0.452255 0.690211
0.906144 0.454065
0.358867 0.977648
0.559299 0.374588
0.533723 0.079474
0.283891 0.086349
0.410348 0.009622
0.621794 0.344543
0.666766 0.430340
0.908836 0.641976
0.302158 0.975528
0.984832 0.957047
0.620808 0.903168
0.909153 0.710231
0.904955 0.741929
0.934674 0.297215
0.991564 0.743831
0.685898 0.092356
0.155244 0.387247
0.138085 0.824251
0.998238 0.076178
0.529936 0.203490
0.124229 0.391516
0.766127 0.444818
0.815205 0.605052
0.433301 0.348522
0.487356 0.150716
0.186251 0.456787
0.654727 0.692730
0.822806 0.470470
0.818996 0.174656
0.754437 0.603324
0.504992 0.907493
0.792535 0.581883
0.905568 0.940601
0.781719 0.284624
0.260159 0.782299
0.533560 0.907577
0.966260 0.338174
