0.987335 0.124958 
0.702832 0.987468 
0.813259 0.333679 
0.985077 0.517839 
0.169511 0.659827 
0.870537 0.0659742 
0.434664 0.517394 
0.314157 0.155574 
0.967197 0.315526 
0.833973 0.359217 
0.818804 0.633402 
0.178899 0.559652 
0.771453 0.00844131 
0.847116 0.589245 
0.660707 0.821526 
0.683035 0.333563 
0.793093 0.100969 
0.139129 0.745821 
0.351455 0.760448 
0.207328 0.612406 
0.363198 0.570344 
0.325432 0.360368 
0.381167 0.707268 
0.578712 0.620801 
0.669651 0.450301 
0.244197 0.592302 
0.522777 0.938605 
0.850547 0.666446 
0.358475 0.790734 
0.22542 0.791369 
0.200124 0.959004 
0.539636 0.312458 
0.159634 0.505807 
0.242547 0.280989 
0.179175 0.703433 
0.671769 0.699933 
0.828955 0.213047 
0.686876 0.577713 
0.0446564 0.948599 
0.856411 0.337369 
0.834413 0.249771 
0.517785 0.41323 
0.587181 0.568409 
0.735979 0.540968 
0.164358 0.103326 
0.276251 0.0132021 
0.575134 0.0493639 
0.522131 0.74728 
0.544992 0.34346 
0.215417 0.480182 
0.916925 0.210658 
0.0409666 0.791975 
0.575676 0.169209 
0.520521 0.842575 
0.146928 0.0333436 
0.0033997 0.37149 
0.17339 0.193211 
0.299146 0.343629 
0.565858 0.396174 
0.462639 0.21762 
0.29505 0.985688 
0.548107 0.452957 
0.493473 0.212124 
0.313501 0.290441 
0.466828 0.294708 
0.58607 0.111014 
0.897569 0.673923 
0.204339 0.00140371 
0.11187 0.997323 
0.775961 0.249631 
0.896555 0.595161 
0.733474 0.245301 
0.66718 0.66909 
0.351279 0.820987 
0.438069 0.548454 
0.236734 0.622474 
0.316797 0.887714 
0.106652 0.12654 
0.443402 0.487495 
0.763396 0.558364 
0.625189 0.339822 
0.783756 0.34824 
0.946943 0.894675 
0.517304 0.191775 
0.710335 0.51741 
0.954724 0.436859 
0.69109 0.724422 
0.221554 0.11053 
0.162685 0.629501 
0.682418 0.402279 
0.940826 0.126474 
0.378761 0.322576 
0.215389 0.296521 
0.801431 0.0174894 
0.740715 0.510093 
0.157922 0.956431 
0.109426 0.0283747 
0.422164 0.985588 
0.568054 0.200715 
0.463609 0.0247274 
0.436449 0.30206 
0.194448 0.78885 
0.485461 0.0546018 
0.390609 0.73995 
0.212103 0.449246 
0.611386 0.664397 
0.92667 0.0646336 
0.62802 0.920839 
0.887776 0.196967 
0.226194 0.681354 
0.229788 0.0747691 
0.0486837 0.173432 
0.811914 0.885003 
0.219383 0.93425 
0.854388 0.726328 
0.0159817 0.112509 
0.959732 0.584759 
0.973871 0.409351 
0.00274287 0.46442 
0.969558 0.544885 
0.816751 0.596444 
0.680038 0.899395 
0.468399 0.541418 
0.42892 0.923672 
0.662807 0.925502 
0.981129 0.486909 
0.548175 0.282306 
0.938944 0.302077 
0.967042 0.205921 
0.622193 0.146955 
0.716448 0.015685 
0.974357 0.847274 
0.191469 0.118701 
0.0341721 0.537549 
0.946208 0.394863 
0.539562 0.213834 
0.244998 0.952364 
0.0525973 0.983464 
0.398769 0.933034 
0.54576 0.178649 
0.306565 0.585547 
0.32981 0.73018 
0.176089 0.601454 
0.515994 0.160467 
0.448339 0.577846 
0.866114 0.853963 
0.385484 1.6512e-005 
0.306489 0.0206619 
0.625304 0.981467 
0.29223 0.313246 
0.345371 0.156377 
0.169649 0.838841 
0.305053 0.748955 
0.456986 0.186835 
0.077032 0.268099 
0.360885 0.730824 
0.0215798 0.736136 
0.433236 0.0777723 
0.447469 0.608962 
0.983125 0.750447 
0.288959 0.61539 
0.177634 0.980492 
0.809699 0.298597 
0.53024 0.512851 
0.373387 0.0746104 
0.142549 0.0810733 
0.370984 0.362656 
0.719373 0.210237 
0.348626 0.414197 
0.743024 0.836322 
0.044793 0.701219 
0.316989 0.0933317 
0.521733 0.265488 
0.623342 0.879444 
0.265056 0.635258 
0.903214 0.751229 
0.528617 0.101904 
0.497058 0.383463 
0.719121 0.487399 
0.712408 0.655414 
0.697011 0.925663 
0.930677 0.736243 
0.382011 0.816106 
0.0254852 0.924058 
0.253352 0.313175 
0.453493 0.874654 
0.788856 0.65567 
0.131911 0.973508 
0.784903 0.457175 
0.241021 0.70866 
0.749684 0.218415 
0.998861 0.940895 
0.655363 0.348324 
0.270932 0.864341 
0.492976 0.926318 
0.750068 0.705156 
0.976062 0.642995 
0.812804 0.401597 
0.342528 0.278988 
0.385823 0.591692 
0.688406 0.806842 
0.90902 0.173969 
0.270079 0.719654 
0.662761 0.036572 
0.0898681 0.581289 
0.493963 0.498816 
0.461259 0.431198 
0.84762 0.469588 
0.51811 0.0721294 
0.825678 0.566541 
0.638975 0.536158 
0.12145 0.905617 
0.569365 0.809368 
0.570696 0.987703 
0.958918 0.819812 
0.95163 0.789434 
0.251429 0.663233 
0.00517179 0.291798 
0.462015 0.813879 
0.582014 0.838564 
0.784232 0.316897 
0.71042 0.134879 
0.748338 0.944814 
0.037422 0.284567 
0.317784 0.418509 
0.452018 0.763597 
0.611082 0.630582 
0.602606 0.256603 
0.871102 0.507478 
0.36616 0.0377306 
0.074589 0.522691 
0.614466 0.701526 
0.106641 0.0953672 
0.582089 0.0799164 
0.0957117 0.066187 
0.107992 0.745045 
0.742444 0.7355 
0.1039 0.879884 
0.0764735 0.609379 
0.872494 0.277624 
0.531912 0.704507 
0.223994 0.357274 
6.91861e-005 0.906005 
0.263206 0.227616 
0.37165 0.195444 
0.433156 0.207102 
0.727463 0.968116 
0.451014 0.964621 
0.711418 0.346907 
0.588045 0.685025 
0.591209 0.141954 
0.568115 0.364794 
0.732446 0.0800894 
0.850523 0.12475 
0.879383 0.537574 
0.529172 0.787308 
0.679849 0.640585 
0.159489 0.369478 
0.199155 0.420935 
0.435215 0.391641 
0.589473 0.720142 
0.629872 0.826294 
0.550752 0.0797286 
0.381306 0.76962 
0.483088 0.667193 
0.230577 0.872661 
0.599934 0.372329 
0.09971 0.927923 
0.910573 0.536346 
0.0682183 0.639381 
0.0958613 0.461639 
0.766778 0.527311 
0.635207 0.187244 
0.743034 0.995291 
0.442492 0.639678 
0.344699 0.873937 
0.250218 0.0982956 
0.00481896 0.41335 
0.105653 0.524887 
0.956173 0.468095 
0.329098 0.508428 
0.889869 0.874263 
0.792695 0.616322 
0.69048 0.473649 
0.486858 0.148936 
0.759908 0.0952385 
0.330714 0.965903 
0.462461 0.263727 
0.136348 0.660222 
0.394662 0.970201 
0.0157302 0.51213 
0.367426 0.134275 
0.962491 0.994081 
0.474666 0.704722 
0.403049 0.839065 
0.24043 0.53459 
0.0734741 0.960372 
0.112105 0.679679 
0.120986 0.58166 
0.351382 0.530298 
0.758767 0.126596 
0.654461 0.858502 
0.910151 0.14035 
0.0503123 0.335707 
0.197725 0.736391 
0.601213 0.813981 
0.0962953 0.243557 
0.781002 0.709158 
0.680691 0.503327 
0.958557 0.668788 
0.677082 0.752292 
0.915788 0.891821 
0.00675691 0.63756 
0.264745 0.258752 
0.766403 0.633118 
0.779768 0.488099 
0.802252 0.431054 
0.830675 0.845319 
0.640803 0.761896 
0.877967 0.477002 
0.0774114 0.85095 
0.874965 0.695435 
0.727148 0.291223 
0.371022 0.917698 
0.488295 0.864209 
0.405141 0.148956 
0.193123 0.361391 
0.147167 0.886585 
0.132591 0.385196 
0.144992 0.601428 
0.811028 0.487944 
0.861142 0.215131 
0.555954 0.530507 
0.481835 0.987755 
0.234763 0.398369 
0.438989 0.791883 
0.293796 0.23398 
0.151097 0.216155 
0.808088 0.693674 
0.852777 0.987043 
0.0550818 0.0145213 
0.0581133 0.0928171 
0.590391 0.963383 
0.638528 0.44712 
0.871928 0.752207 
0.679593 0.609379 
0.700208 0.307319 
0.628064 0.476597 
0.0376054 0.202896 
0.889244 0.332814 
0.451652 0.99586 
0.0457564 0.121847 
0.505478 0.720956 
0.0362044 0.421778 
0.441388 0.2406 
0.965103 0.724987 
0.188239 0.1497 
0.538493 0.817071 
0.200417 0.582094 
0.898946 0.0790632 
0.338437 0.122712 
0.881786 0.158499 
0.412414 0.770063 
0.659873 0.48002 
0.50188 0.802349 
0.626716 0.730185 
0.371002 0.847648 
0.342787 0.93681 
0.783093 0.897092 
0.86563 0.247049 
0.380247 0.512729 
0.551578 0.845408 
0.180798 0.528604 
0.319335 0.216047 
0.25389 0.81025 
0.889416 0.946408 
0.80626 0.235966 
0.352663 0.445079 
0.503319 0.528562 
0.0789073 0.0345988 
0.831293 0.149512 
0.83991 0.499868 
0.839896 0.0596056 
0.257916 0.561555 
0.283988 0.204378 
0.442782 0.456318 
0.822308 0.994056 
0.890633 0.228159 
0.729845 0.779061 
0.526047 0.55154 
0.992878 0.00116328 
0.841695 0.389557 
0.513972 0.330362 
0.304858 0.948524 
0.394245 0.0513639 
0.408734 0.500141 
0.924056 0.774597 
0.128569 0.503818 
0.960501 0.253561 
0.875412 0.00861129 
0.275461 0.95875 
0.193728 0.64035 
0.359629 0.977502 
0.0467071 0.508786 
0.176448 0.234298 
0.819031 0.119589 
0.43208 0.271103 
0.297889 0.509327 
0.915085 0.391894 
0.465028 0.510451 
0.582947 0.651674 
0.491306 0.831663 
0.429538 0.171831 
0.94064 0.528023 
0.928176 0.420381 
0.268142 0.340594 
0.602527 0.902734 
0.746882 0.448941 
0.935156 0.00912637 
0.123159 0.550628 
0.514667 0.475498 
0.571194 0.503275 
0.068564 0.928624 
0.643173 0.249521 
0.756774 0.763313 
0.400453 0.183287 
0.611442 0.0688956 
0.706801 0.181461 
0.408577 0.115707 
0.227188 0.566279 
0.0250778 0.823785 
0.519053 0.361224 
0.0647035 0.146641 
0.0807364 0.996822 
0.766504 0.870603 
0.769322 0.156582 
0.605761 0.315225 
0.555504 0.117993 
0.612612 0.784946 
0.0624795 0.221763 
0.997606 0.32266 
0.556737 0.56169 
0.671746 0.976775 
0.349261 0.340284 
0.912252 0.803599 
0.421541 0.954368 
0.780993 0.0720441 
0.751276 0.271152 
0.935248 0.0950337 
0.818733 0.457653 
0.886393 0.724514 
0.176768 0.0422411 
0.861041 0.41414 
0.309509 0.186428 
0.173287 0.869718 
0.549416 0.731845 
0.268275 0.471996 
0.840815 0.758618 
0.987807 0.970393 
0.618403 0.2295 
0.402834 0.0849887 
0.0534207 0.671315 
0.245968 0.845652 
0.897302 0.626367 
0.924806 0.484607 
0.39903 0.681821 
0.6312 0.370585 
0.545178 0.244677 
0.502163 0.771188 
0.425712 0.665862 
0.698999 0.774468 
0.69799 0.683065 
0.781058 0.217281 
0.0720786 0.755485 
0.514857 0.969876 
0.128404 0.153431 
0.777359 0.799476 
0.0855126 0.385477 
0.902306 0.506249 
0.808392 0.267267 
0.995677 0.718801 
0.641088 0.505009 
0.166134 0.806825 
0.905205 0.0180277 
0.375128 0.880554 
0.284309 0.692039 
0.0995426 0.492572 
0.584255 0.290208 
0.407786 0.376758 
0.610682 0.850912 
0.150439 0.535577 
0.0316121 0.452617 
0.470039 0.0818286 
0.324562 0.805072 
0.518045 0.444475 
0.307227 0.122956 
0.38061 0.458841 
0.130566 0.941626 
0.286898 0.0851743 
0.571544 0.898743 
0.987417 0.570444 
0.485362 0.242376 
0.27675 0.114651 
0.334735 0.477708 
0.454169 0.0545404 
0.792318 0.98512 
0.700293 0.104422 
0.998135 0.202859 
0.634912 0.0901758 
0.520686 0.000602578 
0.40407 0.566481 
0.0797324 0.899541 
0.928573 0.677406 
0.0659252 0.297254 
0.124939 0.0553842 
0.398047 0.34711 
0.93457 0.271094 
0.928347 0.453579 
0.737909 0.150039 
0.254001 0.779178 
0.405262 0.439798 
0.179543 0.761585 
0.755991 0.595657 
0.838019 0.31202 
0.692261 0.372163 
0.612047 0.430471 
0.432 0.822235 
0.18538 0.288133 
0.272827 0.288856 
0.0207038 0.25819 
0.323472 0.773993 
0.487104 0.448676 
0.895509 0.915694 
0.606949 0.754282 
0.686529 0.839062 
0.301794 0.860467 
0.052344 0.731417 
0.463252 0.935891 
0.351505 0.644361 
0.661356 0.37908 
0.944439 0.0389479 
0.168735 0.427549 
0.204689 0.3903 
0.260368 0.0688361 
0.727948 0.921085 
0.976789 0.884477 
0.841096 0.280624 
0.34675 0.3831 
0.701966 0.0726939 
0.486424 0.95685 
0.854445 0.82498 
0.0558798 0.828462 
0.633266 0.025991 
0.472476 0.476217 
0.140931 0.282126 
0.119895 0.803325 
0.218315 0.141523 
0.866791 0.44489 
0.0101403 0.796445 
0.641334 0.797084 
0.094461 0.82127 
0.15325 0.68631 
0.756582 0.302077 
0.108942 0.364916 
0.348206 0.0930706 
0.707901 0.554628 
0.688007 0.208638 
0.719572 0.711702 
0.916988 0.982807 
0.572813 0.47207 
0.819945 0.962868 
0.960606 0.615924 
0.0767047 0.117856 
0.108769 0.183139 
0.729158 0.68202 
0.998681 0.154058 
0.204098 0.0571517 
0.0457133 0.366562 
0.917661 0.243989 
0.89995 0.302933 
0.515626 0.234267 
0.138606 0.856691 
0.657792 0.727797 
0.705581 0.268426 
0.970309 0.915331 
0.319987 0.613585 
0.350617 0.309117 
0.810515 0.749056 
0.379512 0.543848 
0.286617 0.804816 
0.0467258 0.566292 
0.0177323 0.577681 
0.414542 0.469543 
0.0750974 0.356085 
0.301175 0.718127 
0.929332 0.829843 
0.381607 0.237461 
0.33513 0.556935 
0.0554294 0.873004 
0.662387 0.556812 
0.896939 0.421093 
0.829168 0.180799 
0.166057 0.263681 
0.0295527 0.14864 
0.434779 0.132793 
0.0231584 0.664045 
0.23664 0.00586099 
0.811103 0.0472787 
0.774043 0.927009 
0.859886 0.956596 
0.833769 0.429954 
0.586412 0.537234 
0.0625484 0.456406 
0.201317 0.88316 
0.785643 0.585922 
0.56305 0.703617 
0.255452 0.891305 
0.15545 0.133184 
0.650161 0.954112 
0.799966 0.19223 
0.412699 0.015345 
0.883815 0.392697 
0.655528 0.419876 
0.283999 0.925408 
0.599087 0.597222 
0.429254 0.347317 
0.0925424 0.778913 
0.940034 0.706423 
0.474854 0.594158 
0.32785 0.664512 
0.749593 0.404839 
0.652144 0.624191 
0.38493 0.62278 
0.143452 0.00240437 
0.515591 0.904784 
0.341048 0.187655 
0.420953 0.592617 
0.0376328 0.633572 
0.139699 0.18714 
0.599167 0.204698 
0.735545 0.87478 
0.326504 0.996772 
0.397861 0.901866 
0.78728 0.769888 
0.966309 0.284277 
0.857466 0.559799 
0.827632 0.80894 
0.371913 0.948855 
0.596297 0.403431 
0.763929 0.971939 
0.920478 0.647263 
0.141459 0.825726 
0.864121 0.367723 
0.849166 0.529699 
0.288964 0.559919 
0.265838 0.396433 
0.780396 0.0407044 
0.000698507 0.863977 
0.133636 0.110932 
0.823629 0.720737 
0.31444 0.918909 
0.497641 0.617853 
0.664282 0.101261 
0.403884 0.407693 
0.581211 0.779837 
0.0303736 0.854487 
0.730969 0.322374 
0.546723 0.0179966 
0.185016 0.486806 
0.234626 0.250718 
0.585413 0.870147 
0.578035 0.0181597 
0.641346 0.0594728 
0.982058 0.053998 
0.272028 0.533847 
0.723086 0.0495268 
0.150231 0.917527 
0.233575 0.21794 
0.674227 0.266842 
0.684182 0.159679 
0.458227 0.358966 
0.0643509 0.408372 
0.209928 0.707821 
0.0946716 0.155319 
0.092307 0.212618 
0.303633 0.478749 
0.15627 0.474872 
0.752564 0.345129 
0.731295 0.111434 
0.952912 0.7582 
0.97662 0.176169 
0.0707209 0.801105 
0.226683 0.903761 
0.485525 0.744855 
0.0830571 0.726358 
0.473542 0.637571 
0.355259 0.613502 
0.377897 0.42489 
0.818612 0.536125 
0.943942 0.227018 
0.67966 0.128614 
0.865855 0.925896 
0.139078 0.345364 
0.819402 0.664597 
0.140795 0.714785 
0.107578 0.609732 
0.0105616 0.765285 
0.0282417 0.0838234 
0.286402 0.894379 
0.651531 0.15812 
0.491798 0.274662 
0.753554 0.0568913 
0.474373 0.785278 
0.646917 0.21638 
0.843791 0.696915 
0.454121 0.678538 
0.332116 0.84549 
0.606644 0.174217 
0.225029 0.326141 
0.566789 0.592009 
0.0274259 0.39184 
0.713183 0.746578 
0.545025 0.915263 
0.544391 0.485028 
0.703155 0.237127 
0.513591 0.0408951 
0.10232 0.640622 
0.956918 0.0725004 
0.893123 0.838254 
0.994572 0.0852887 
0.463139 0.845015 
0.680471 0.00939247 
0.0510577 0.250816 
0.267406 0.503098 
0.084108 0.666123 
0.580046 0.230513 
0.205909 0.509863 
0.404499 0.870172 
0.646526 0.127134 
0.570412 0.318339 
0.274559 0.833462 
0.275358 0.174417 
0.789977 0.953914 
0.735403 0.572179 
0.940212 0.18932 
0.355447 0.00840721 
0.403741 0.286475 
0.669166 0.302744 
0.236302 0.503245 
0.374245 0.273526 
0.344805 0.0620466 
0.484939 0.895673 
0.771027 0.429042 
0.409598 0.535854 
0.0776422 0.185085 
0.456245 0.155546 
0.284371 0.371213 
0.253249 0.367956 
0.646335 0.28122 
0.488945 0.351871 
0.109697 0.333753 
0.409226 0.801022 
0.895141 0.363539 
0.284914 0.144738 
0.978672 0.347502 
0.24879 0.190736 
0.909022 0.70297 
0.409671 0.318126 
0.607356 0.00713861 
0.717853 0.817602 
0.773993 0.840275 
0.153436 0.778454 
0.604463 0.0383287 
0.916876 0.858554 
0.518483 0.873694 
0.398548 0.650732 
0.881467 0.809265 
0.448875 0.104866 
0.109963 0.710706 
0.965245 0.147056 
0.99246 0.669527 
0.694423 0.431192 
0.590352 0.342502 
0.466321 0.389125 
0.836017 0.904899 
0.86052 0.181494 
0.109174 0.405754 
0.562058 0.941486 
0.666575 0.185681 
0.743575 0.654367 
0.122954 0.772373 
0.615238 0.285319 
0.816939 0.779597 
0.140043 0.415436 
0.265771 0.75042 
0.305407 0.829573 
0.0283203 0.483614 
0.920542 0.949055 
0.668827 0.782358 
0.559612 0.672317 
0.62265 0.56768 
0.172656 0.0731014 
0.0125966 0.0253226 
0.170248 0.340242 
0.711102 0.894538 
0.282419 0.661027 
0.260759 0.986183 
0.872774 0.0971852 
0.253052 0.922314 
0.310761 0.388027 
0.629827 0.602414 
0.972087 0.0244191 
0.173272 0.0113051 
0.225673 0.976745 
0.860789 0.0362404 
0.431279 0.422599 
0.0752493 0.553816 
0.5438 0.0491724 
0.929445 0.617384 
0.0178578 0.227092 
0.306751 0.641699 
0.424672 0.0441942 
0.226165 0.0351808 
0.286309 0.773738 
0.286661 0.419581 
0.143804 0.446352 
0.974938 0.695349 
0.148943 0.568025 
0.548911 0.76319 
0.967849 0.946424 
0.0477301 0.597415 
0.639121 0.311743 
0.163102 0.30992 
0.494491 0.558437 
0.47663 0.119348 
0.571621 0.261514 
0.0187398 0.608811 
0.0131707 0.0565115 
0.535754 0.38767 
0.36482 0.485693 
0.799178 0.821813 
0.832084 0.0237811 
0.290711 0.45044 
0.61904 0.950789 
0.313616 0.0623246 
0.321826 0.449378 
0.762121 0.374994 
0.941856 0.559197 
0.20943 0.54076 
0.599985 0.491182 
0.242848 0.454055 
0.54957 0.876539 
0.725336 0.426243 
0.713349 0.397299 
0.648842 0.897512 
0.952436 0.499141 
0.322206 0.322401 
0.411018 0.247999 
0.536365 0.585289 
0.752114 0.901262 
0.068904 0.486918 
0.578702 0.435255 
0.206149 0.850619 
0.926475 0.586331 
0.287453 0.0453453 
0.416027 0.623339 
0.866155 0.894635 
0.53007 0.617138 
0.402775 0.214459 
0.877232 0.650259 
0.0488246 0.903434 
0.350455 0.218373 
0.310701 0.537678 
0.849957 0.635109 
0.0409175 0.0422948 
0.897141 0.452338 
0.591901 0.932147 
0.990153 0.820379 
0.869603 0.610871 
0.079694 0.325238 
0.023418 0.885336 
0.487861 0.180446 
0.814816 0.07839 
0.745851 0.0265041 
0.768815 0.188379 
0.454945 0.905798 
0.440362 0.706436 
0.352807 0.24951 
0.765569 0.67736 
0.194189 0.319797 
0.243387 0.160036 
0.935952 0.158046 
0.885309 0.978161 
0.337557 0.587947 
0.486562 0.412902 
0.321945 0.695018 
0.104547 0.958696 
0.166962 0.732006 
0.780706 0.282022 
0.650615 0.999897 
0.114254 0.436498 
0.777711 0.740183 
0.251986 0.424307 
0.137523 0.251144 
0.353004 0.694128 
0.601605 0.459958 
0.200002 0.0880234 
0.0186379 0.965743 
0.223132 0.650409 
0.0201698 0.34482 
0.504444 0.689839 
0.671795 0.235537 
0.789652 0.132133 
0.11085 0.271833 
0.342449 0.90533 
0.737687 0.620934 
0.972607 0.378148 
0.453821 0.32804 
0.484225 0.3207 
0.746705 0.80532 
0.295274 0.265133 
0.335415 0.0323104 
0.0179113 0.178671 
0.64277 0.688496 
0.427254 0.891483 
0.98535 0.232204 
0.511266 0.299182 
0.628413 0.402627 
0.194323 0.819924 
0.576345 0.748406 
0.730987 0.37139 
0.690715 0.870019 
0.794528 0.556001 
0.795522 0.515081 
0.18169 0.45586 
0.694087 0.0376295 
0.511626 0.128882 
0.249319 0.129442 
0.919999 0.326981 
0.781555 0.39955 
0.0755459 0.6961 
0.195436 0.676956 
0.0647742 0.062366 
0.0276812 0.314227 
0.806743 0.920743 
0.456826 0.732828 
0.2253 0.822439 
0.805051 0.371242 
0.836226 0.936161 
0.375534 0.164446 
0.896041 0.563961 
0.257198 0.0378412 
0.948253 0.340385 
0.236715 0.739429 
0.528553 0.670136 
0.493829 0.0166463 
0.101731 0.302299 
0.903275 0.271799 
0.706732 0.62475 
0.989998 0.263879 
0.612352 0.519853 
0.121092 0.224642 
0.370859 0.668684 
0.657272 0.587584 
0.131599 0.629494 
0.713336 0.594259 
0.321572 0.248274 
0.854673 0.789136 
0.174253 0.396899 
0.988379 0.601648 
0.926397 0.362745 
0.125089 0.472763 
0.0242442 0.996398 
0.965603 0.102512 
0.749536 0.480116 
0.684124 0.534389 
0.203693 0.203431 
0.738203 0.181436 
0.497794 0.0962797 
0.178191 0.903934 
0.802094 0.160931 
0.841545 0.0947394 
0.55241 0.640676 
0.985903 0.438168 
0.0145201 0.693973 
0.695939 0.95692 
0.640432 0.65308 
0.945324 0.968021 
0.427339 0.742767 
0.716458 0.456242 
0.215345 0.761977 
0.547852 0.421723 
0.896091 0.0479149 
0.207649 0.266338 
0.947689 0.863479 
0.410887 0.716379 
0.379119 0.105313 
0.505297 0.587655 
0.50718 0.647494 
0.881744 0.127177 
0.670675 0.0705558 
0.982206 0.781919 
0.274931 0.587654 
0.869176 0.308768 
0.617051 0.115982 
0.132011 0.311992 
0.0414282 0.76083 
0.108463 0.849051 
0.546095 0.968375 
0.84239 0.874298 
0.907372 0.109186 
0.801183 0.855649 
0.214263 0.173248 
0.715418 0.850909 
0.430719 0.853352 
0.160515 0.16394 
0.54444 0.147326 
0.376169 0.393406 
0.94074 0.925253 
0.00333362 0.543389 
0.207602 0.235171 
0.888417 0.778777 
0.0832863 0.433139 
0.180411 0.934944 
