0.0108371 0.930445 
0.549718 0.625864 
0.961994 0.362145 
0.0656956 0.159819 
0.320932 0.696166 
0.796118 0.239267 
0.538331 0.311823 
0.602514 0.76823 
0.666015 0.8923 
0.263631 0.277253 
0.477112 0.214021 
0.542387 0.188162 
0.384697 0.193993 
0.699277 0.282971 
0.969559 0.590384 
0.863033 0.935499 
0.683646 0.488426 
0.825713 0.483993 
0.566223 0.394149 
0.0346667 0.556219 
0.300122 0.0662232 
0.40097 0.649969 
0.746772 0.399018 
0.991518 0.37231 
0.771722 0.675358 
0.362505 0.323845 
0.718776 0.0774113 
0.291273 0.00868977 
0.867434 0.539163 
0.269249 0.339467 
0.976263 0.216237 
0.392446 0.846125 
0.84499 0.910133 
0.0825812 0.546244 
0.549802 0.995547 
0.894239 0.485625 
0.552515 0.454674 
0.61156 0.82866 
0.0133437 0.492909 
0.41213 0.024997 
0.229191 0.116235 
0.44685 0.221242 
0.74421 0.81615 
0.551212 0.254266 
0.0346762 0.0268521 
0.285763 0.779134 
0.382442 0.875593 
0.604057 0.384312 
0.113702 0.543375 
0.016633 0.126876 
0.815829 0.381076 
0.98381 0.800141 
0.141373 0.777127 
0.583108 0.448548 
0.982083 0.0459494 
0.613051 0.941969 
0.612639 0.298286 
0.99151 0.954871 
0.455552 0.533402 
0.59364 0.860963 
0.308984 0.933565 
0.662885 0.410672 
0.509316 0.934599 
0.0639639 0.631223 
0.048447 0.998787 
0.4496 0.096712 
0.331647 0.357064 
0.716318 0.648986 
0.325992 0.093707 
0.802198 0.504543 
0.861993 0.500368 
0.964707 0.423541 
0.845737 0.0289 
0.76761 0.836718 
0.666738 0.111202 
0.11745 0.852857 
0.670967 0.632164 
0.493425 0.756594 
0.995549 0.535258 
0.169404 0.858352 
0.342425 0.769135 
0.642853 0.318893 
0.408086 0.168981 
0.253499 0.212504 
0.316433 0.787147 
0.507779 0.219294 
0.579767 0.241854 
0.45776 0.34682 
0.289866 0.530222 
0.563016 0.866332 
0.810431 0.534663 
0.470786 0.073975 
0.492212 0.837206 
0.841849 0.746903 
0.0361667 0.292488 
0.0620359 0.190758 
0.0583059 0.265777 
0.061533 0.234771 
0.88333 0.0768067 
0.250145 0.527862 
0.682837 0.690132 
0.187482 0.974405 
0.366532 0.278986 
0.625806 0.492882 
0.550253 0.746963 
0.572964 0.526065 
0.303683 0.311671 
0.511281 0.188375 
0.615099 0.251539 
0.576464 0.128377 
0.497785 0.60745 
0.11782 0.927423 
0.264389 0.58687 
0.454289 0.56458 
0.512245 0.362345 
0.528295 0.561145 
0.430851 0.658908 
0.643597 0.947693 
0.983343 0.761949 
0.62016 0.565626 
0.632203 0.91749 
0.434123 0.0697633 
0.16886 0.182098 
0.142857 0.0987701 
0.696449 0.898663 
0.377451 0.996235 
0.95292 0.80438 
0.361914 0.110027 
0.445844 0.877478 
0.870431 0.734349 
0.0810461 0.657389 
0.707041 0.333115 
0.776546 0.486744 
0.925309 0.251957 
0.641276 0.62257 
0.408508 0.397017 
0.80471 0.853546 
0.531107 0.912448 
0.737805 0.756457 
0.872611 0.0445916 
0.871041 0.345988 
0.227601 0.8001 
0.162657 0.482814 
0.154482 0.743441 
0.202853 0.0840491 
0.675843 0.966768 
0.852864 0.0686433 
0.931218 0.00280105 
0.871691 0.411092 
0.145216 0.838687 
0.678477 0.766957 
0.0036901 0.565428 
0.649577 0.576013 
0.267392 0.184642 
0.0216702 0.965792 
0.462466 0.759982 
0.959452 0.0209992 
0.583762 0.914552 
0.846287 0.374228 
0.389293 0.307946 
0.873279 0.569841 
0.854952 0.999179 
0.691608 0.092535 
0.378033 0.40365 
0.0881027 0.256582 
0.398372 0.278162 
0.184493 0.247248 
0.542631 0.533424 
0.520816 0.247548 
0.835269 0.847531 
0.40649 0.0555531 
0.425241 0.540841 
0.828442 0.943015 
0.619015 0.0676005 
0.0902367 0.370927 
0.362756 0.355017 
0.414887 0.714155 
0.670415 0.998486 
0.91001 0.980013 
0.353277 0.892632 
0.934898 0.479328 
0.940667 0.833039 
0.409673 0.894542 
0.235756 0.739883 
0.399591 0.427438 
0.375406 0.533809 
0.0266479 0.868024 
0.276384 0.154852 
0.530142 0.476422 
0.745468 0.85954 
0.352734 0.643605 
0.053303 0.381721 
0.640106 0.127255 
0.728491 0.248191 
0.300329 0.583645 
0.18453 0.622374 
0.631709 0.412067 
0.905274 0.36243 
0.0502143 0.412792 
0.795405 0.957541 
0.164321 0.519505 
0.138606 0.0102491 
0.11985 0.307691 
0.361918 0.47678 
0.386584 0.815547 
0.825172 0.250548 
0.949366 0.507315 
0.362028 0.247456 
0.832566 0.717094 
0.637638 0.096266 
0.771605 0.763631 
0.730296 0.279839 
0.964736 0.121356 
0.940557 0.896451 
0.187472 0.653466 
0.197555 0.413476 
0.748604 0.0862216 
0.13867 0.808206 
0.984083 0.914492 
0.455718 0.191432 
0.197929 0.594155 
0.707387 0.964076 
0.0621641 0.0417419 
0.520348 0.823941 
0.856029 0.824288 
0.0319482 0.249121 
0.873435 0.896104 
0.437181 0.691708 
0.695236 0.585698 
0.313708 0.81819 
0.944338 0.568616 
0.275547 0.417227 
0.301574 0.344267 
0.622182 0.0337885 
0.851559 0.964435 
0.0806707 0.131635 
0.0746907 0.504445 
0.241858 0.310109 
0.566785 0.663447 
0.97013 0.886641 
0.51877 0.63051 
0.95778 0.393083 
0.597972 0.663466 
0.718724 0.834024 
0.3723 0.758768 
0.745909 0.480703 
0.701242 0.994545 
0.756759 0.010363 
0.750822 0.055199 
0.907537 0.222933 
0.591392 0.0379534 
0.0917551 0.475561 
0.522495 0.446174 
0.580717 0.832672 
0.360535 0.938207 
0.524148 0.2785 
0.232631 0.280335 
0.548904 0.791254 
0.892929 0.594112 
0.769728 0.109063 
0.288675 0.258725 
0.0941681 0.172466 
0.734048 0.948091 
0.836826 0.580639 
0.198083 0.114842 
0.17189 0.342939 
0.606345 0.693508 
0.308238 0.902453 
0.776422 0.866579 
0.65312 0.507977 
0.266941 0.890938 
0.245508 0.450317 
0.410079 0.97844 
0.900066 0.398048 
0.14105 0.664063 
0.686854 0.659213 
0.0520524 0.602329 
0.0197428 0.405442 
0.928064 0.0337703 
0.998143 0.16399 
0.377434 0.163759 
0.431641 0.000817467 
0.625376 0.524083 
0.236465 0.860204 
0.139087 0.229734 
0.815074 0.214522 
0.325021 0.727092 
0.714616 0.484496 
0.067198 0.295666 
0.106208 0.104695 
0.280081 0.559875 
0.0173331 0.997573 
0.847331 0.879091 
0.634247 0.886477 
0.11139 0.198436 
0.0835245 0.976964 
0.097003 0.286462 
0.0832173 0.88115 
0.199692 0.705514 
0.490768 0.704293 
0.80892 0.693277 
0.233795 0.340219 
0.818246 0.321227 
0.927922 0.383931 
0.608721 0.623797 
0.98126 0.248056 
0.741605 0.667244 
0.00100326 0.611232 
0.880174 0.675903 
0.0709387 0.0716188 
0.282771 0.814467 
0.331802 0.486181 
0.112712 0.790908 
0.988578 0.403396 
0.341634 0.453064 
0.727057 0.893123 
0.272873 0.307003 
0.464117 0.458611 
0.623996 0.59659 
0.589956 0.185254 
0.714172 0.864803 
0.897302 0.750195 
0.833947 0.514117 
0.523286 0.15969 
0.470966 0.623397 
0.446509 0.375889 
0.124218 0.751058 
0.797384 0.785838 
0.202411 0.27274 
0.209297 0.675805 
0.821749 0.184093 
0.994871 0.466614 
0.850803 0.195357 
0.351589 0.0367258 
0.0437328 0.500182 
0.579637 0.635039 
0.653013 0.749021 
0.100537 0.571824 
0.140596 0.284414 
0.207991 0.442905 
0.133081 0.518862 
0.895066 0.952702 
0.0406792 0.0642812 
0.204763 0.736305 
0.841065 0.405012 
0.393151 0.247465 
0.648685 0.544828 
0.107166 0.956694 
0.877433 0.315437 
0.129284 0.070749 
0.536891 0.0238128 
0.554802 0.0741069 
0.821924 0.640574 
0.825867 0.80509 
0.152774 0.155003 
0.238649 0.770947 
0.262147 0.242412 
0.676266 0.304001 
0.105291 0.822631 
0.444488 0.127372 
0.939244 0.144077 
0.725765 0.109701 
0.148709 0.694334 
0.865748 0.853967 
0.243123 0.947947 
0.118889 0.261931 
0.354523 0.186443 
0.139456 0.397276 
0.333215 0.953058 
0.381032 0.906663 
0.334569 0.162583 
0.353001 0.97705 
0.697414 0.0261623 
0.110308 0.0309529 
0.901584 0.647342 
0.671098 0.142004 
0.423984 0.572026 
0.157053 0.637235 
0.585852 0.980549 
0.918727 0.726832 
0.143217 0.456539 
0.865574 0.167927 
0.560834 0.0436209 
0.14028 0.874064 
0.246972 0.639143 
0.88881 0.516386 
0.555897 0.499941 
0.0177025 0.320217 
0.221754 0.470933 
0.809245 0.56591 
0.313601 0.7561 
0.491405 0.277119 
0.438397 0.965642 
0.785959 0.927891 
0.746077 0.544344 
0.611885 0.436162 
0.25834 0.00786886 
0.170534 0.716666 
0.482545 0.551329 
0.625996 0.649768 
0.0282057 0.155827 
0.969323 0.152165 
0.220337 0.0582556 
0.341959 0.804998 
0.808264 0.350788 
0.89101 0.92183 
0.53267 0.414914 
0.0536738 0.968086 
0.239888 0.669554 
0.926141 0.0726436 
0.338964 0.294951 
0.471568 0.590555 
0.127861 0.625835 
0.821904 0.973844 
0.919573 0.856735 
0.816377 0.882438 
0.599812 0.541972 
0.160844 0.55056 
0.121145 0.595318 
0.224951 0.200079 
0.219597 0.996849 
0.608165 0.467143 
0.438377 0.405999 
0.503548 0.866171 
0.478792 0.928781 
0.321906 0.648448 
0.0877194 0.690066 
0.142544 0.198765 
0.182168 0.757828 
0.757712 0.323255 
0.95194 0.0537457 
0.0269696 0.90379 
0.0648909 0.76579 
0.139637 0.0413906 
0.878895 0.979305 
0.52557 0.507291 
0.655682 0.659344 
0.590767 0.270982 
0.281667 0.918654 
0.700388 0.392194 
0.560021 0.363582 
0.952373 0.267548 
0.666491 0.029315 
0.921884 0.450925 
0.590342 0.356308 
0.197841 0.562916 
0.391547 0.935932 
0.137832 0.951289 
0.911374 0.676987 
0.95426 0.773218 
0.258372 0.795087 
0.735637 0.981726 
0.166338 0.413156 
0.793504 0.000864024 
0.44754 0.317373 
0.179647 0.384925 
0.878326 0.108901 
0.211436 0.303207 
0.874026 0.216999 
0.417585 0.864468 
0.634404 0.27598 
0.897195 0.291297 
0.762002 0.733967 
0.91314 0.570288 
0.208216 0.908524 
0.497492 0.0988313 
0.0523347 0.885675 
0.349107 0.512571 
0.946871 0.205675 
0.95482 0.0847459 
0.367325 0.598649 
0.0466184 0.793678 
0.808949 0.291445 
0.465963 0.149844 
0.538768 0.222125 
0.629855 0.713948 
0.552766 0.935004 
0.695981 0.123332 
0.764257 0.645051 
0.0815449 0.792175 
0.660962 0.712334 
0.608836 0.0043928 
0.899373 0.429274 
0.507913 0.30509 
0.837049 0.155423 
0.0629261 0.571896 
0.3058 0.409613 
0.597038 0.505742 
0.276093 0.98154 
0.7226 0.569102 
0.334109 0.261213 
0.152775 0.369051 
0.801532 0.754898 
0.511246 0.535015 
0.896831 0.704597 
0.111939 0.652722 
0.950151 0.862729 
0.972035 0.829006 
0.883748 0.810045 
0.0226752 0.374348 
0.145642 0.912403 
0.0380441 0.104231 
0.410122 0.619396 
0.672428 0.222285 
0.778895 0.573395 
0.932647 0.318034 
0.938235 0.661077 
0.325437 0.199667 
0.958454 0.300492 
0.862084 0.598995 
0.245084 0.979005 
0.300265 0.671883 
0.193823 0.200717 
0.769759 0.377906 
0.528145 0.959317 
0.881392 0.623532 
0.336313 0.918706 
0.587965 0.068835 
0.774953 0.0355808 
0.29275 0.202679 
0.480882 0.785081 
0.654675 0.476808 
0.996524 0.434522 
0.784746 0.0722701 
0.495211 0.461336 
0.752326 0.429732 
0.982916 0.858219 
0.158795 0.98652 
0.927816 0.75668 
0.646505 0.978634 
0.676705 0.560592 
0.731511 0.452998 
0.269628 0.617656 
0.635082 0.381053 
0.74973 0.584527 
0.668112 0.601102 
0.200764 0.938752 
0.103945 0.000471361 
0.389159 0.732555 
0.041874 0.82667 
0.317779 0.557756 
0.94173 0.630042 
0.30305 0.501066 
0.869126 0.765519 
0.330487 0.059543 
0.988481 0.985865 
0.356617 0.140661 
0.734247 0.217018 
0.933569 0.349239 
0.403416 0.760253 
0.883744 0.142631 
0.00104144 0.644907 
0.482734 0.176022 
0.069145 0.102705 
0.829203 0.452961 
0.136937 0.342168 
0.457205 0.906426 
0.90941 0.89671 
0.420171 0.923804 
0.481432 0.367098 
0.279681 0.123927 
0.381843 0.965461 
0.654931 0.863251 
0.134231 0.566939 
0.234141 0.891272 
0.304078 0.231661 
0.415584 0.138804 
0.118432 0.896282 
0.131662 0.427518 
0.839409 0.686624 
0.272032 0.504594 
0.0495667 0.133164 
0.791348 0.400446 
0.28487 0.0391219 
0.267612 0.859546 
0.171784 0.443907 
0.669177 0.380105 
0.208951 0.227944 
0.493581 0.650542 
0.290716 0.734929 
0.0405314 0.939847 
0.439756 0.0392104 
0.672617 0.797527 
0.183911 0.154845 
0.417348 0.364852 
0.907246 0.0973813 
0.29067 0.70374 
0.735725 0.345392 
0.846917 0.308916 
0.0603219 0.915795 
0.536107 0.850759 
0.675917 0.335188 
0.615964 0.972906 
0.50591 0.0262309 
0.4747 0.119989 
0.170985 0.786945 
0.711365 0.792156 
0.48836 0.00058908 
0.385794 0.129926 
0.48982 0.244705 
0.689882 0.938387 
0.552358 0.580997 
0.731897 0.72585 
0.0118444 0.272954 
0.765021 0.950904 
0.928118 0.287167 
0.224986 0.0274942 
0.440311 0.629186 
0.606556 0.0960771 
0.527726 0.768442 
0.929154 0.955352 
0.0766012 0.94444 
0.338975 0.582387 
0.108061 0.23263 
0.253766 0.0392918 
0.893464 0.839726 
0.0370192 0.731852 
0.0155637 0.0826848 
0.648348 0.200141 
0.445589 0.721728 
0.694289 0.361589 
0.23986 0.170133 
0.385388 0.701604 
0.566448 0.2079 
0.00952295 0.841976 
0.641269 0.00926537 
0.105922 0.50341 
0.914244 0.816507 
0.703428 0.544474 
0.471259 0.427395 
0.167382 0.889441 
0.99185 0.715438 
0.931275 0.417699 
0.571428 0.769774 
0.883626 0.456247 
0.66275 0.923221 
0.351802 0.385174 
0.751983 0.922468 
0.57519 0.693446 
0.750786 0.133751 
0.387916 0.0888187 
0.865643 0.703522 
0.855332 0.129887 
0.417157 0.105283 
0.483806 0.520146 
0.301635 0.963787 
0.167234 0.0269964 
0.902838 0.0520099 
0.765902 0.611508 
0.792178 0.631097 
0.591253 0.412755 
0.379119 0.502819 
0.36783 0.567442 
0.048929 0.320964 
0.0235237 0.589576 
0.438953 0.165237 
0.746112 0.698107 
0.933278 0.699221 
0.466177 0.491995 
0.663567 0.079117 
0.703168 0.713755 
0.501285 0.0679646 
0.544464 0.686276 
0.918166 0.505711 
0.429078 0.272995 
0.251291 0.397597 
0.150391 0.314016 
0.773737 0.806172 
0.463272 0.0189103 
0.326299 0.877109 
0.795184 0.600026 
0.20891 0.173394 
0.992766 0.0167049 
0.0182875 0.673831 
0.824334 0.127013 
0.167647 0.0614398 
0.477129 0.882559 
0.0585101 0.679019 
0.00823836 0.780744 
0.821791 0.0837785 
0.721004 0.0464023 
0.331408 0.325901 
0.4079 0.514892 
0.421361 0.785717 
0.327702 0.846004 
0.250734 0.36641 
0.304778 0.469896 
0.203131 0.334543 
0.374626 0.670197 
0.984914 0.505876 
0.420013 0.30278 
0.757039 0.164237 
0.581572 0.300755 
0.49813 0.492413 
0.099949 0.0603141 
0.511939 0.676958 
0.461496 0.653111 
0.824928 0.609507 
0.45122 0.794514 
0.895531 0.0147465 
0.720806 0.142091 
0.635808 0.683361 
0.00128785 0.886141 
0.215765 0.640236 
0.768067 0.456695 
0.0607571 0.442407 
0.231592 0.42211 
0.800756 0.106708 
0.758133 0.891774 
0.529918 0.0546292 
0.320883 0.526689 
0.608901 0.12718 
0.960371 0.954885 
0.704788 0.227143 
0.738654 0.627199 
0.518386 0.121865 
0.305814 0.174448 
0.814233 0.914886 
0.558543 0.965737 
0.0745039 0.343973 
0.89186 0.870969 
0.0131355 0.0495079 
0.937496 0.599098 
0.518764 0.994224 
0.895167 0.260132 
0.0605571 0.473851 
0.975137 0.184993 
0.424843 0.195183 
0.681282 0.735944 
0.952355 0.236357 
0.0561361 0.529592 
0.173806 0.0953281 
0.499049 0.970212 
0.575497 0.097299 
0.706599 0.196059 
0.973492 0.557392 
0.684791 0.854565 
0.592967 0.580912 
0.43754 0.8406 
0.826254 0.773916 
0.168206 0.126895 
0.854661 0.793139 
0.21247 0.142476 
0.20425 0.365722 
0.765339 0.293006 
0.224954 0.831254 
0.848664 0.099478 
0.562507 0.425122 
0.201947 0.78213 
0.33516 0.230111 
0.309456 0.613499 
0.784186 0.179493 
0.725828 0.0135617 
0.689337 0.823777 
0.189693 0.00544802 
0.98129 0.27924 
0.904358 0.331228 
0.0555694 0.854672 
0.168573 0.818042 
0.586109 0.73466 
0.305285 0.143346 
0.316807 0.990939 
0.691883 0.422224 
0.169826 0.580491 
0.132376 0.720937 
0.564952 0.166754 
0.856944 0.438621 
0.222246 0.54342 
0.242585 0.4942 
0.910169 0.539187 
0.025177 0.525327 
0.464791 0.822527 
0.78013 0.542202 
0.0897145 0.430175 
0.57711 0.0103619 
0.387527 0.373952 
0.270072 0.661589 
0.518838 0.738599 
0.60341 0.890474 
0.43821 0.507456 
0.263972 0.0970854 
0.640274 0.449123 
0.0295249 0.623986 
0.695913 0.161922 
0.992477 0.107192 
0.0212447 0.704919 
0.521744 0.707595 
0.295064 0.096906 
0.802062 0.723708 
0.714173 0.683728 
0.825998 0.0529522 
0.459122 0.249846 
0.108813 0.14497 
0.0595239 0.710224 
0.68997 0.0586979 
0.510578 0.794409 
0.837943 0.549432 
0.966101 0.480931 
0.923288 0.924688 
0.635449 0.775403 
0.0354425 0.217709 
0.292029 0.639399 
0.553724 0.716025 
0.0727163 0.822093 
0.235032 0.0856742 
0.59924 0.326423 
0.706745 0.753897 
0.957781 0.736162 
0.620678 0.349074 
0.733502 0.509352 
0.783812 0.210632 
0.72281 0.600302 
0.536655 0.34295 
0.408165 0.680311 
0.78612 0.431223 
0.00698788 0.230435 
0.381131 0.02709 
0.676714 0.18732 
0.866697 0.247304 
0.558094 0.897031 
0.309079 0.378589 
0.341508 0.672719 
0.248862 0.140342 
0.729033 0.311001 
0.295056 0.874257 
0.726578 0.375227 
0.984962 0.076951 
0.232656 0.707041 
0.500467 0.904108 
0.579527 0.479552 
0.659448 0.832468 
0.526273 0.0864615 
0.154786 0.256651 
0.226561 0.581662 
0.0829526 0.597659 
0.500965 0.39141 
0.105781 0.343855 
0.566683 0.329901 
0.354679 0.861552 
0.844126 0.225795 
0.118662 0.685842 
0.168911 0.949415 
0.313349 0.439883 
0.671289 0.445676 
0.192924 0.532066 
0.62691 0.22272 
0.465788 0.853612 
0.176512 0.919215 
0.0338236 0.7629 
0.467322 0.683749 
0.475244 0.731299 
0.0442974 0.351823 
0.855492 0.469817 
0.379409 0.627416 
0.283015 0.447525 
0.788827 0.896911 
0.295029 0.843119 
0.941367 0.537516 
0.9883 0.309667 
0.177876 0.683186 
0.278024 0.381522 
0.196014 0.0388474 
0.337609 0.413949 
0.0900431 0.316906 
0.572617 0.557269 
0.404073 0.218334 
0.528262 0.60081 
0.126017 0.170928 
0.972269 0.6235 
0.432903 0.750189 
0.530669 0.881375 
0.230422 0.612656 
0.919365 0.191035 
0.909654 0.160857 
0.31824 0.0284413 
0.172703 0.282155 
0.839914 0.343676 
0.261881 0.691713 
0.853931 0.659003 
0.756584 0.263086 
0.168947 0.219926 
0.502082 0.422584 
0.501095 0.576427 
0.45917 0.280986 
0.805965 0.157235 
0.535596 0.383515 
0.359434 0.830784 
0.546975 0.109655 
0.722945 0.419182 
0.987572 0.67947 
0.131533 0.485507 
0.196905 0.879497 
0.198939 0.848411 
0.768958 0.98176 
0.109371 0.405644 
0.0911524 0.91133 
0.188733 0.500016 
0.354211 0.701214 
0.877423 0.376542 
0.968771 0.654533 
0.36913 0.789767 
0.441274 0.598005 
0.749309 0.785421 
0.800469 0.663243 
0.0757661 0.0137311 
0.261935 0.722913 
0.572712 0.604637 
0.547928 0.140723 
0.53648 0.65616 
0.181514 0.312068 
0.43837 0.476248 
0.23174 0.249183 
0.441586 0.437024 
0.702534 0.513276 
0.612841 0.797582 
0.824357 0.00485903 
0.0147708 0.811247 
0.761409 0.232289 
0.26578 0.754527 
0.423925 0.242289 
0.816589 0.424399 
0.47015 0.396218 
0.152297 0.60636 
0.646516 0.0531238 
0.250559 0.917722 
0.895988 0.781363 
0.417698 0.816638 
0.480818 0.0445635 
0.6514 0.35447 
0.492378 0.335868 
0.0960668 0.764527 
0.77623 0.706222 
0.248854 0.55978 
0.649887 0.245994 
0.364362 0.431693 
0.0301703 0.466579 
0.36307 0.21636 
0.199401 0.813394 
0.0076313 0.742369 
0.346234 0.544908 
0.624479 0.856955 
0.269022 0.0663978 
0.642732 0.806228 
0.868791 0.278412 
0.22053 0.392338 
0.128162 0.980896 
0.964995 0.331025 
0.470194 0.958681 
0.0838519 0.213006 
0.787725 0.314737 
0.764131 0.515392 
0.62225 0.744144 
0.700509 0.456648 
0.624667 0.15426 
0.0864033 0.850099 
0.404045 0.483739 
0.448637 0.9363 
0.330037 0.124533 
0.310225 0.281204 
0.101278 0.718187 
0.911859 0.129246 
0.945791 0.174525 
0.0786727 0.399924 
0.582191 0.945584 
0.390122 0.339419 
0.256112 0.830599 
0.621074 0.185158 
0.355749 0.73235 
0.957347 0.985878 
0.274265 0.948913 
0.800163 0.822734 
0.954516 0.924294 
0.665539 0.274741 
0.353887 0.0800004 
0.994554 0.341191 
0.384647 0.455396 
0.593563 0.15436 
0.935933 0.1095 
0.912797 0.618206 
0.0948624 0.626551 
0.888256 0.189271 
0.340645 0.61484 
0.112307 0.452037 
0.580821 0.800528 
0.55141 0.822259 
0.00268033 0.199571 
0.805474 0.0295779 
0.397001 0.556343 
0.596593 0.215666 
0.554563 0.285236 
0.375485 0.0576492 
0.78717 0.269134 
0.652929 0.167256 
0.476798 0.306672 
0.0414319 0.652864 
0.266316 0.473902 
0.397894 0.590105 
0.675814 0.5294 
0.72705 0.172589 
0.68854 0.25372 
0.83761 0.279148 
0.756648 0.195372 
0.343618 0.00668652 
0.953083 0.452533 
0.217208 0.965188 
0.421134 0.333908 
0.799199 0.464129 
0.0761142 0.736664 
0.415842 0.454657 
0.217336 0.512573 
0.964465 0.700457 
0.716549 0.922388 
0.190595 0.468834 
0.135576 0.129046 
0.926494 0.787833 
0.0286427 0.435378 
0.781643 0.137816 
0.700493 0.622107 
0.496482 0.143925 
0.850488 0.627979 
0.0311237 0.186839 
0.121553 0.371574 
0.777218 0.3476 
0.45995 0.988018 
