0.815399 0.284459 
0.428214 0.668344 
0.425124 0.133638 
0.978728 0.575448 
0.82743 0.335858 
0.767568 0.866075 
0.936242 0.21605 
0.732277 0.993033 
0.179211 0.671001 
0.544153 0.169103 
0.823357 0.401381 
0.053879 0.79447 
0.251386 0.100317 
0.132201 0.965679 
0.846227 0.28007 
0.224241 0.116171 
0.712198 0.595197 
0.969071 0.7295 
0.0959378 0.0870909 
0.82446 0.562383 
0.501716 0.326756 
0.434389 0.168399 
0.276355 0.883209 
0.45506 0.696462 
0.557183 0.664105 
0.984279 0.471712 
0.027224 0.0424679 
0.0909734 0.351038 
0.813054 0.195931 
0.914167 0.0349045 
0.485714 0.823147 
0.981579 0.172636 
0.291149 0.910568 
0.701619 0.384619 
0.147082 0.0760477 
0.032342 0.545742 
0.6079 0.597108 
0.463943 0.846773 
0.230499 0.303366 
0.169707 0.0546954 
0.498332 0.0616588 
0.727975 0.145474 
0.170996 0.542387 
0.472333 0.933438 
0.654721 0.238717 
0.964268 0.495652 
0.606572 0.695026 
0.912669 0.639703 
0.501544 0.510871 
0.0896418 0.55764 
0.936368 0.337742 
0.295176 0.14672 
0.739827 0.300332 
0.944562 0.74886 
0.0817373 0.0582207 
0.426526 0.248074 
0.796279 0.335977 
0.65389 0.719198 
0.587544 0.050099 
0.712458 0.0170908 
0.117269 0.193948 
0.163535 0.989088 
0.303169 0.991934 
0.531999 0.197744 
0.530515 0.38116 
0.307889 0.95792 
0.464615 0.618297 
0.294517 0.765775 
0.281483 0.418436 
0.820634 0.90095 
0.917437 0.696525 
0.749906 0.351853 
0.1959 0.0714845 
0.86347 0.435411 
0.0698567 0.581773 
0.916372 0.405074 
0.0391507 0.576198 
0.625491 0.841533 
0.437035 0.473275 
0.0391648 0.884253 
0.160495 0.819502 
0.0304074 0.738146 
0.927653 0.667059 
0.51914 0.14864 
0.468847 0.734112 
0.0487279 0.935247 
0.268522 0.483199 
0.714509 0.69351 
0.697093 0.783238 
0.0251896 0.604109 
0.320337 0.783132 
0.316326 0.67848 
0.793211 0.171967 
0.657092 0.555709 
0.729781 0.91206 
0.615979 0.499296 
0.373944 0.076425 
0.765427 0.502989 
0.726454 0.450516 
0.833868 0.119318 
0.999658 0.723175 
0.0844035 0.640102 
0.352854 0.785708 
0.370026 0.351744 
0.578091 0.020502 
0.261485 0.678196 
0.706202 0.474213 
0.407525 0.868451 
0.515003 0.444577 
0.86749 0.120707 
0.529606 0.738795 
0.848272 0.886663 
0.4682 0.0540168 
0.960583 0.451428 
0.757205 0.455619 
0.441291 0.934673 
0.316207 0.284723 
0.356796 0.148594 
0.0701068 0.880861 
0.47769 0.964041 
0.0386181 0.678681 
0.041881 0.164057 
0.918492 0.371206 
0.297388 0.344222 
0.190161 0.828945 
0.230883 0.530683 
0.598842 0.567307 
0.133653 0.450493 
0.187958 0.720711 
0.494462 0.672682 
0.894195 0.783288 
0.785614 0.230455 
0.613491 0.952191 
0.140625 0.935723 
0.657627 0.622211 
0.39175 0.89523 
0.646672 0.749469 
0.946172 0.533385 
0.223905 0.0850537 
0.854334 0.00318985 
0.664088 0.159136 
0.453817 0.906241 
0.804634 0.717861 
0.532616 0.988272 
0.875716 0.871758 
0.865343 0.945102 
0.467034 0.201103 
0.440884 0.819416 
0.508387 0.968829 
0.402485 0.555366 
0.832268 0.0882656 
0.96588 0.229718 
0.877906 0.463047 
0.626483 0.622105 
0.888532 0.0525194 
0.217128 0.0081747 
0.311344 0.446967 
0.912418 0.869203 
0.980672 0.698406 
0.324337 0.840214 
0.124452 0.224241 
0.125475 0.348254 
0.0580193 0.0380986 
0.0322892 0.00118029 
0.986126 0.366791 
0.355965 0.0510541 
0.482453 0.108144 
0.280279 0.449588 
0.40473 0.0149428 
0.0525149 0.134815 
0.00585595 0.102759 
0.318594 0.925187 
0.397876 0.925699 
0.393501 0.713311 
0.0138673 0.352577 
0.347528 0.418675 
0.0554196 0.317413 
0.335563 0.648158 
0.267021 0.159988 
0.135258 0.104823 
0.657814 0.207748 
0.776573 0.625008 
0.791264 0.652574 
0.587696 0.670276 
0.272704 0.606096 
0.670799 0.97507 
0.0307814 0.248516 
0.207019 0.891534 
0.828054 0.986575 
0.794565 0.59946 
0.85053 0.545273 
0.372609 0.208584 
0.683305 0.583514 
0.147939 0.188607 
0.312543 0.415819 
0.988869 0.991905 
0.961603 0.140832 
0.61557 0.989423 
0.115317 0.414007 
0.721954 0.952806 
0.837055 0.451974 
0.135037 0.705313 
0.921159 0.0652114 
0.973253 0.761027 
0.821027 0.0592751 
0.212655 0.375684 
0.253139 0.987281 
0.544647 0.814197 
0.516404 0.0175785 
0.0151306 0.975231 
0.350459 0.495492 
0.922956 0.839905 
0.24841 0.0658833 
0.0691085 0.83393 
0.085244 0.608917 
0.308895 0.117467 
0.856386 0.766538 
0.0398827 0.103543 
0.864741 0.0324927 
0.639271 0.905151 
0.347425 0.676951 
0.201868 0.626574 
0.112727 0.060905 
0.07318 0.450544 
0.143531 0.792546 
0.0116219 0.694351 
0.263518 0.763021 
0.989948 0.956418 
0.108996 0.92886 
0.115769 0.16285 
0.93054 0.432847 
0.0736261 0.978006 
0.514893 0.839263 
0.946537 0.707872 
0.2459 0.705173 
0.609197 0.244396 
0.0684498 0.481389 
0.501475 0.479709 
0.155578 0.225203 
0.618578 0.666304 
0.0113417 0.487243 
0.211885 0.151146 
0.105024 0.584786 
0.784371 0.478231 
0.582571 0.263412 
0.00523104 0.0716574 
0.393722 0.382512 
0.367157 0.177938 
0.326007 0.0594054 
0.540415 0.106211 
0.689004 0.413121 
0.584107 0.512821 
0.639116 0.783462 
0.535063 0.228722 
0.599257 0.105356 
0.331344 0.470873 
0.218638 0.60029 
0.708698 0.29951 
0.511685 0.35632 
0.282236 0.940358 
0.38667 0.438549 
0.0156251 0.863886 
0.019178 0.517449 
0.0113485 0.394567 
0.436452 0.277597 
0.956751 0.678354 
0.316987 0.173144 
0.00962956 0.832622 
0.193117 0.116828 
0.436515 0.30875 
0.978609 0.087744 
0.205711 0.415813 
0.609153 0.0198192 
0.855749 0.34884 
0.887831 0.81462 
0.360253 0.97114 
0.63302 0.439177 
0.754045 0.80295 
0.0434232 0.406658 
0.869351 0.975953 
0.668288 0.833542 
0.514152 0.80819 
0.624626 0.877739 
0.181523 0.374007 
0.535147 0.953047 
0.458799 0.2559 
0.575329 0.0840242 
0.125929 0.76684 
0.767487 0.286028 
0.840208 0.629372 
0.417502 0.745356 
0.173858 0.64028 
0.822312 0.65527 
0.219644 0.238556 
0.201404 0.857969 
0.687935 0.215557 
0.488182 0.791114 
0.25834 0.857849 
0.837293 0.931646 
0.843251 0.377388 
0.173035 0.509354 
0.0885836 0.671017 
0.0863364 0.145872 
0.306034 0.873929 
0.359637 0.594931 
0.159216 0.473345 
0.313579 0.560237 
0.0218685 0.129431 
0.783039 0.814563 
0.316737 0.0199165 
0.556857 0.0451946 
0.387467 0.682781 
0.337724 0.617078 
0.69958 0.888897 
0.189756 0.229811 
0.187291 0.939422 
0.712024 0.856626 
0.742452 0.524062 
0.0693877 0.91198 
0.772396 0.533375 
0.344466 0.55609 
0.995011 0.31439 
0.525844 0.0471889 
0.644602 0.468103 
0.855565 0.225285 
0.958668 0.959523 
0.462961 0.992455 
0.748567 0.202611 
0.551478 0.265864 
0.484858 0.905009 
0.440043 0.766779 
0.180196 0.60416 
0.487911 0.0299888 
0.299201 0.385104 
0.743116 0.0518377 
0.803596 0.112218 
0.12941 0.821313 
0.89603 0.174966 
0.581989 0.80982 
0.222492 0.472189 
0.648419 0.49903 
0.370245 0.107313 
0.749423 0.554445 
0.620467 0.325062 
0.767381 0.993607 
0.431905 0.849175 
0.936129 0.92666 
0.790283 0.844818 
0.373623 0.567094 
0.25455 0.926196 
0.417672 0.954864 
0.26978 0.128733 
0.00364754 0.754127 
0.981403 0.659208 
0.891088 0.927403 
0.481837 0.644228 
0.37165 0.623675 
0.56619 0.951912 
0.403791 0.109614 
0.39896 0.811908 
0.450311 0.415547 
0.437512 0.879739 
0.433169 0.199505 
0.613759 0.463669 
0.827938 0.745588 
0.684748 0.0028345 
0.340224 0.866939 
0.353784 0.233392 
0.855194 0.602024 
0.400361 0.654446 
0.152669 0.385823 
0.0112546 0.456041 
0.541756 0.410236 
0.886445 0.145365 
0.0545301 0.615136 
0.519888 0.536055 
0.731312 0.881009 
0.654101 0.129004 
0.133393 0.996762 
0.873329 0.295415 
0.212527 0.501745 
0.325228 0.22097 
0.543054 0.894362 
0.672898 0.802789 
0.798709 0.0812683 
0.232281 0.837417 
0.235675 0.776944 
0.200093 0.315928 
0.90212 0.307433 
0.440144 0.504285 
0.395445 0.246116 
0.578983 0.89611 
0.024838 0.3234 
0.377117 0.408883 
0.28282 0.100488 
0.917317 0.00396127 
0.809118 0.62703 
0.12219 0.379251 
0.471096 0.765135 
0.485585 0.702502 
0.559615 0.493555 
0.806964 0.014011 
0.741498 0.584589 
0.253953 0.282856 
0.643968 0.814174 
0.420922 0.698597 
0.651975 0.322587 
0.377129 0.321407 
0.432098 0.356169 
0.326115 0.143383 
0.0399627 0.822966 
0.462214 0.0845334 
0.547411 0.015594 
0.893443 0.426383 
0.00894281 0.157761 
0.157325 0.76462 
0.796167 0.508233 
0.590543 0.333688 
0.762144 0.168119 
0.284567 0.548819 
0.414076 0.406115 
0.195476 0.285117 
0.538032 0.46557 
0.921995 0.727359 
0.408281 0.321921 
0.384719 0.134857 
0.2439 0.650141 
0.0667454 0.375768 
0.196965 0.577864 
0.0714603 0.697081 
0.546731 0.585637 
0.573633 0.4146 
0.743915 0.233373 
0.554957 0.756813 
0.853783 0.65744 
0.230322 0.678187 
0.779564 0.199927 
0.0189766 0.944357 
0.441016 0.639401 
0.985621 0.2538 
0.969731 0.622773 
0.468078 0.480067 
0.243596 0.618978 
0.604214 0.536622 
0.688113 0.552723 
0.924651 0.18717 
0.68696 0.503583 
0.814492 0.958595 
0.712817 0.533727 
0.891216 0.722443 
0.588548 0.481981 
0.544681 0.0746276 
0.408459 0.624376 
0.560435 0.787416 
0.117314 0.615038 
0.576795 0.621187 
0.89461 0.896486 
0.0792056 0.941511 
0.518916 0.571618 
0.741761 0.482696 
0.793964 0.555891 
0.361722 0.381784 
0.999046 0.633459 
0.916604 0.543337 
0.687845 0.614637 
0.525418 0.669466 
0.602157 0.42714 
0.0835543 0.244338 
0.496371 0.616692 
0.884361 0.752846 
0.950552 0.169919 
0.301769 0.813554 
0.690636 0.951157 
0.780133 0.41683 
0.939952 0.246963 
0.684482 0.13565 
0.0363306 0.07221 
0.638727 0.183181 
0.159555 0.733536 
0.815305 0.474314 
0.202247 0.692582 
0.684681 0.0339065 
0.140403 0.320889 
0.166107 0.916642 
0.563521 0.838885 
0.236577 0.212426 
0.267744 0.828196 
0.289458 0.695196 
0.0637989 0.220271 
0.123195 0.87705 
0.77869 0.783745 
0.493798 0.996262 
0.849602 0.146148 
0.858358 0.404654 
0.825177 0.593559 
0.508045 0.177703 
0.298721 0.475469 
0.944093 0.640557 
0.771964 0.577986 
0.573925 0.178134 
0.199697 0.530175 
0.477492 0.171794 
0.306238 0.637603 
0.640191 0.690115 
0.826951 0.503238 
0.613319 0.355373 
0.811288 0.871267 
0.470396 0.511756 
0.165567 0.699026 
0.245435 0.806496 
0.203609 0.780311 
0.718121 0.503014 
0.948448 0.0801387 
0.00680241 0.0190077 
0.277663 0.315011 
0.0753823 0.113713 
0.396425 0.188539 
0.615653 0.751807 
0.738672 0.615688 
0.767499 0.0711112 
0.146393 0.41662 
0.0835515 0.304015 
0.279302 0.0695816 
0.175923 0.406593 
0.247917 0.895808 
0.76706 0.672204 
0.589722 0.97219 
0.457697 0.147789 
0.340282 0.115676 
0.896227 0.566961 
0.405003 0.0779989 
0.634114 0.297076 
0.590225 0.219719 
0.637165 0.0741353 
0.428769 0.0346513 
0.232449 0.399772 
0.500957 0.295613 
0.224038 0.441039 
0.103411 0.442839 
0.85208 0.0608937 
0.163297 0.345633 
0.689597 0.0737583 
0.888704 0.684428 
0.679691 0.701797 
0.364257 0.932508 
0.921882 0.096312 
0.964425 0.308463 
0.459221 0.665624 
0.760387 0.75857 
0.528499 0.495237 
0.468564 0.878558 
0.3866 0.954658 
0.163802 0.442495 
0.139758 0.850689 
0.578623 0.145999 
0.261897 0.527415 
0.887444 0.393444 
0.495958 0.8639 
0.0925151 0.274173 
0.664829 0.525522 
0.460164 0.58748 
0.468549 0.378652 
0.186111 0.0104816 
0.561781 0.206778 
0.502744 0.208375 
0.223127 0.560888 
0.178643 0.258901 
0.511812 0.118407 
0.645665 0.650959 
0.908894 0.244776 
0.24163 0.141998 
0.729601 0.830981 
0.893986 0.272114 
0.353755 0.449213 
0.318724 0.499372 
0.657851 0.414111 
0.0776049 0.513383 
0.246731 0.01771 
0.7229 0.800605 
0.816631 0.226846 
0.318019 0.709576 
0.106379 0.1164 
0.629354 0.220676 
0.378202 0.468541 
0.876371 0.202145 
0.376309 0.0275451 
0.728409 0.329303 
0.804233 0.255391 
0.934349 0.504509 
0.00572858 0.230027 
0.340838 0.525136 
0.0420486 0.289265 
0.900396 0.977864 
0.945628 0.818564 
0.404857 0.158583 
0.898321 0.116614 
0.107266 0.503672 
0.545732 0.693046 
0.467128 0.294283 
0.529325 0.780061 
0.401185 0.352258 
0.751802 0.644021 
0.986811 0.434547 
0.425863 0.434967 
0.663261 0.0572538 
0.575941 0.700509 
0.598328 0.393118 
0.913962 0.948487 
0.0270502 0.912927 
0.856009 0.514569 
0.948598 0.876224 
0.149009 0.604409 
0.717652 0.564517 
0.288883 0.186531 
0.601289 0.640414 
0.704589 0.978922 
0.836189 0.683177 
0.485062 0.453216 
0.917504 0.805183 
0.207265 0.201921 
0.0125133 0.661606 
0.0428912 0.709581 
0.2299 0.870453 
0.675038 0.474787 
0.25413 0.557608 
0.929111 0.613191 
0.140093 0.512562 
0.25024 0.457943 
0.902281 0.51562 
0.0584623 0.262785 
0.000449651 0.891068 
0.548481 0.138303 
0.309949 0.529281 
0.955773 0.27379 
0.0654885 0.759148 
0.526654 0.60944 
0.814006 0.81152 
0.491273 0.585975 
0.77704 0.0231505 
0.400292 0.52429 
0.454312 0.334318 
0.979423 0.822566 
0.611339 0.27545 
0.812278 0.142085 
0.642995 0.935999 
0.457147 0.792926 
0.743445 0.0990704 
0.390531 0.598902 
0.6782 0.305791 
0.0302152 0.634904 
0.554075 0.438856 
0.275663 0.793578 
0.334511 0.810828 
0.116567 0.254374 
0.247565 0.252361 
0.298419 0.0450494 
0.423916 0.793362 
0.640802 0.966993 
0.417207 0.582822 
0.194119 0.449817 
0.610385 0.196009 
0.531498 0.865527 
0.285053 0.284739 
0.431482 0.0943116 
0.957789 0.990623 
0.63443 0.378276 
0.907813 0.454202 
0.789655 0.893637 
0.207206 0.657292 
0.814381 0.364597 
0.100703 0.996117 
0.582599 0.451396 
0.774446 0.10141 
0.628181 0.0443876 
0.561544 0.322317 
0.481146 0.350151 
0.294314 0.217197 
0.288983 0.663556 
0.381357 0.499546 
0.0518741 0.348373 
0.98485 0.284945 
0.563671 0.989116 
0.0143651 0.274987 
0.502918 0.762036 
0.760325 0.835831 
0.883762 0.362489 
0.310556 0.086404 
0.849153 0.855548 
0.804049 0.682077 
0.139907 0.0457769 
0.225398 0.334116 
0.970239 0.898603 
0.76141 0.72745 
0.750244 0.967676 
0.0600048 0.189366 
0.457614 0.0230641 
0.95474 0.362923 
0.844164 0.196326 
0.98247 0.0504577 
0.627177 0.408575 
0.665481 0.888463 
0.77605 0.921607 
0.343844 0.726963 
0.758631 0.895854 
0.779324 0.362118 
0.763341 0.389029 
0.924049 0.582407 
0.697281 0.330409 
0.83559 0.714329 
0.520885 0.271676 
0.633704 0.15248 
0.78118 0.954745 
0.893685 0.0831879 
0.408459 0.460834 
0.022662 0.797056 
0.499094 0.384818 
0.892315 0.845434 
0.438439 0.386677 
0.7175 0.116195 
0.189535 0.480669 
0.862044 0.797167 
0.216859 0.752127 
0.364043 0.703282 
0.95877 0.846794 
0.858485 0.735463 
0.750123 0.425262 
0.328289 0.895648 
0.185709 0.751782 
0.536756 0.300403 
0.630111 0.109215 
0.608232 0.906581 
0.766379 0.25492 
0.994013 0.602657 
0.174661 0.791778 
0.731934 0.176318 
0.0974105 0.73841 
0.557889 0.725855 
0.169535 0.309819 
0.272256 0.721756 
0.300342 0.735204 
0.130845 0.135621 
0.864967 0.173192 
0.429984 0.533737 
0.658561 0.0966872 
0.664926 0.444468 
0.400768 0.281626 
0.0948851 0.76948 
0.920962 0.156161 
0.962151 0.198802 
0.516658 0.704132 
0.0358688 0.768839 
0.990758 0.129965 
0.93865 0.473608 
0.645513 0.997699 
0.454437 0.447421 
0.277628 0.0106854 
0.6843 0.358723 
0.532252 0.332917 
0.309086 0.2476 
0.360114 0.843043 
0.602532 0.165901 
0.34033 0.193737 
0.338677 0.306307 
0.35746 0.754938 
0.77827 0.701272 
0.975719 0.0200969 
0.435125 0.608292 
0.51779 0.639291 
0.0935792 0.391651 
0.669207 0.919315 
0.548538 0.52302 
0.19699 0.346937 
0.370722 0.535577 
0.499708 0.730226 
0.369224 0.654719 
0.806348 0.928587 
0.18126 0.145619 
0.117938 0.0237551 
0.850274 0.481203 
0.653159 0.591378 
0.264504 0.226214 
0.0945184 0.215197 
0.562252 0.869934 
0.877271 0.326308 
0.583386 0.364 
0.719627 0.359187 
0.560824 0.921315 
0.954742 0.595406 
0.493832 0.553137 
0.0895932 0.179694 
0.791094 0.0508741 
0.370864 0.872216 
0.665313 0.383662 
0.452662 0.117093 
0.432842 0.00110012 
0.0330859 0.215161 
0.744901 0.700887 
0.681053 0.185206 
0.170307 0.856652 
0.191469 0.972457 
0.156297 0.0193394 
0.832384 0.786387 
0.441105 0.562841 
0.147926 0.666309 
0.378217 0.996512 
0.343983 0.0847851 
0.1477 0.255338 
0.87962 0.49419 
0.591418 0.728843 
0.82825 0.168774 
0.487732 0.267419 
0.438788 0.0640806 
0.815884 0.532396 
0.267617 0.0407541 
0.607812 0.135254 
0.367886 0.812938 
0.101167 0.963543 
0.245471 0.737641 
0.26296 0.393361 
0.0830541 0.805861 
0.407783 0.217522 
0.488534 0.140044 
0.590069 0.931786 
0.422756 0.907085 
0.257919 0.18976 
0.905284 0.339955 
0.176131 0.201817 
0.561309 0.385982 
0.34755 0.0157348 
0.705644 0.663662 
0.993157 0.20155 
0.837065 0.25032 
0.56847 0.291956 
0.109247 0.32164 
0.411562 0.491846 
0.387304 0.778753 
0.228365 0.178236 
0.688564 0.104829 
0.746043 0.0208954 
0.863319 0.0898867 
0.606097 0.0750282 
0.247297 0.588025 
0.0090479 0.56694 
0.336966 0.261492 
0.446683 0.965989 
0.924773 0.276782 
0.544968 0.554541 
0.653555 0.353689 
0.59746 0.303326 
0.507656 0.243485 
0.813909 0.431083 
0.696084 0.44348 
0.698527 0.822361 
0.503027 0.938229 
0.118815 0.678692 
0.577561 0.590056 
0.881411 0.539187 
0.0680021 0.728073 
0.176209 0.887213 
0.243708 0.502085 
0.988012 0.515899 
0.66806 0.772059 
0.975359 0.544425 
0.139973 0.545666 
0.272278 0.637261 
0.0386483 0.472146 
0.406638 0.983917 
0.0166038 0.425312 
0.250907 0.42502 
0.980298 0.397423 
0.897115 0.598142 
0.712807 0.234255 
0.391189 0.842012 
0.671121 0.275474 
0.933318 0.306729 
0.573549 0.542135 
0.22482 0.917049 
0.700201 0.921589 
0.735932 0.670914 
0.0631988 0.54107 
0.702991 0.722439 
0.650314 0.86024 
0.137344 0.904777 
0.925721 0.897338 
0.448871 0.226391 
0.753925 0.128337 
0.677019 0.740712 
0.984493 0.864337 
0.110772 0.534676 
0.731306 0.735373 
0.884711 0.653509 
0.594589 0.838231 
0.129062 0.48135 
0.905195 0.213873 
0.0476433 0.504644 
0.289189 0.579644 
0.569984 0.11583 
0.0986845 0.473673 
0.196931 0.0396465 
0.219107 0.721066 
0.959078 0.420271 
0.223542 0.977743 
0.342447 0.337236 
0.936879 0.780798 
0.464596 0.54237 
0.641232 0.266764 
0.162346 0.958005 
0.1351 0.576482 
0.400354 0.0472563 
0.994423 0.783888 
0.278656 0.254248 
0.512248 0.890352 
0.242115 0.365482 
0.152638 0.157834 
0.720349 0.0782622 
0.38644 0.743618 
0.738725 0.269211 
0.684604 0.247412 
0.143118 0.635042 
0.256351 0.337752 
0.128465 0.735777 
0.865553 0.572605 
0.865341 0.70507 
0.712879 0.633292 
0.0205043 0.186681 
0.0355776 0.374945 
0.102369 0.706497 
0.585824 0.760631 
0.112494 0.795173 
0.965013 0.794177 
0.0450428 0.853686 
0.515549 0.0875409 
0.510791 0.4137 
0.6129 0.81311 
0.273251 0.363939 
0.792094 0.305116 
0.0741086 0.417883 
0.781198 0.143282 
0.716567 0.203371 
0.308823 0.315231 
0.326163 0.752571 
0.787218 0.447187 
0.0628108 0.00717254 
0.788005 0.744188 
0.885765 0.00852674 
0.797048 0.984334 
0.161448 0.121625 
0.701449 0.161712 
0.862972 0.914082 
0.930316 0.126374 
0.0986737 0.898185 
0.973723 0.338199 
0.622858 0.721546 
0.914977 0.758636 
0.0448775 0.966124 
0.279851 0.971359 
0.529782 0.922446 
0.967106 0.929577 
0.548508 0.634207 
0.0954947 0.86285 
0.114643 0.647778 
0.846491 0.311216 
0.166121 0.573198 
0.332131 0.391577 
0.0869792 0.0267512 
0.224124 0.272873 
0.66751 0.673144 
0.608032 0.782404 
0.191785 0.174912 
0.305112 0.606447 
0.24723 0.956585 
0.480788 0.422296 
0.148898 0.28647 
0.681364 0.861742 
0.594713 0.869313 
0.10019 0.832069 
0.821244 0.841783 
0.323175 0.361724 
0.833506 0.0305805 
0.286695 0.508527 
0.951394 0.0491765 
0.794648 0.389247 
0.479854 0.229468 
0.806302 0.769383 
0.333979 0.987763 
0.878276 0.622995 
0.118201 0.291798 
0.366429 0.292144 
0.293669 0.845397 
0.33784 0.949598 
0.9313 0.974314 
0.553311 0.355872 
0.0433819 0.441306 
0.217396 0.947255 
0.68074 0.64496 
0.329498 0.587024 
0.368112 0.261042 
0.748827 0.936625 
0.439617 0.723476 
0.868274 0.254024 
0.629808 0.570751 
0.705939 0.753416 
0.944904 0.392501 
0.0649457 0.0844041 
0.712243 0.0482565 
0.0558538 0.652678 
0.944643 0.018816 
0.847118 0.824496 
0.764166 0.322309 
0.95694 0.110071 
0.22791 0.042479 
0.63368 0.526484 
0.909746 0.485335 
0.564853 0.237755 
0.731764 0.770777 
0.719372 0.420158 
0.997297 0.92204 
0.214457 0.809487 
0.949534 0.564408 
0.707605 0.268391 
0.732138 0.391574 
0.359216 0.901448 
0.173273 0.0928428 
0.654273 0.0275102 
