0.374578 0.84905 
0.155722 0.0560639 
0.0227534 0.172163 
0.290559 0.852491 
0.664388 0.119621 
0.982424 0.97429 
0.786705 0.554123 
0.193702 0.54306 
0.235036 0.3143 
0.403758 0.470115 
0.69773 0.574926 
0.16527 0.343319 
0.0907591 0.275103 
0.818819 0.506218 
0.261476 0.0832091 
0.186645 0.453948 
0.357144 0.536967 
0.923989 0.318059 
0.0814023 0.381916 
0.394964 0.783414 
0.660749 0.442129 
0.202613 0.222401 
0.99349 0.396217 
0.679251 0.971364 
0.405857 0.842394 
0.825913 0.597792 
0.0445121 0.463262 
0.575786 0.396019 
0.442027 0.725239 
0.495627 0.964961 
0.394127 0.873207 
0.545264 0.638618 
0.316296 0.869886 
0.907205 0.680244 
0.468534 0.471061 
0.940881 0.832114 
0.107344 0.765472 
0.13665 0.556636 
0.553078 0.534558 
0.9404 0.109985 
0.250349 0.707679 
0.403564 0.0767224 
0.591125 0.0679632 
0.826527 0.325049 
0.138589 0.650939 
0.461163 0.595045 
0.370806 0.679704 
0.910524 0.944085 
0.247981 0.946458 
0.844911 0.747664 
0.606755 0.106836 
0.409922 0.810668 
0.938979 0.381901 
0.995981 0.257283 
0.676635 0.617698 
0.573473 0.199795 
0.599566 0.896239 
0.262256 0.918859 
0.588147 0.867203 
0.595213 0.371691 
0.920704 0.353287 
0.570062 0.457435 
0.343522 0.847962 
0.656824 0.0594881 
0.579566 0.920186 
0.66846 0.522407 
0.645371 0.565377 
0.89679 0.737731 
0.727681 0.36411 
0.486495 0.369763 
0.103256 0.880539 
0.867292 0.790843 
0.0709378 0.655166 
0.69731 0.923307 
0.456732 0.442209 
0.184321 0.631266 
0.715107 0.253653 
0.988071 0.0715983 
0.716648 0.0518502 
0.638167 0.338468 
0.384879 0.130057 
0.519071 0.802239 
0.906264 0.507418 
0.70519 0.605192 
0.305333 0.804899 
0.0595621 0.127612 
0.599875 0.422111 
0.264019 0.620385 
0.227081 0.241818 
0.568671 0.426329 
0.427096 0.388687 
0.171452 0.220247 
0.0190104 0.666753 
0.0535227 0.0475271 
0.733618 0.966376 
0.98916 0.514747 
0.70708 0.840686 
0.831176 0.89231 
0.336054 0.559997 
0.89943 0.650024 
0.632957 0.662454 
0.772818 0.284514 
0.109406 0.937382 
0.315669 0.834203 
0.286814 0.659756 
0.316227 0.343001 
0.868279 0.725053 
0.677043 0.83135 
0.651176 0.0212362 
0.197182 0.0180857 
0.880155 0.0432528 
0.715147 0.704202 
0.94901 0.923602 
0.307886 0.573478 
0.21223 0.0628407 
0.92087 0.0344023 
0.316909 0.736564 
0.0439839 0.541804 
0.405676 0.0183619 
0.391119 0.197606 
0.649222 0.962363 
0.363239 0.213602 
0.288788 0.169848 
3.14084e-005 0.829156 
0.493682 0.784227 
0.0680795 0.199889 
0.471672 0.806588 
0.623866 0.786457 
0.914777 0.203129 
0.95772 0.748594 
0.253888 0.466857 
0.879852 0.53197 
0.541591 0.907419 
0.582552 0.544644 
0.813823 0.750593 
0.133231 0.717409 
0.154502 0.911258 
0.909985 0.826226 
0.165543 0.689386 
0.434613 0.074446 
0.464116 0.403623 
0.0752838 0.595693 
0.303929 0.197089 
0.656416 0.903583 
0.809037 0.00982437 
0.417053 0.528086 
0.962751 0.402296 
0.465728 0.344887 
0.0304211 0.822255 
0.0848574 0.0654456 
0.619405 0.164006 
0.13734 0.225547 
0.628047 0.825777 
0.930322 0.645584 
0.854951 0.247005 
0.795426 0.973795 
0.474908 0.623031 
0.461726 0.867915 
0.422527 0.204329 
0.484198 0.068638 
0.133584 0.034169 
0.720424 0.222884 
0.69831 0.138784 
0.687239 0.689088 
0.979478 0.103174 
0.231302 0.869851 
0.138547 0.168271 
0.398747 0.311482 
0.182341 0.832764 
0.209411 0.267576 
0.235968 0.586854 
0.388203 0.539943 
0.908834 0.571369 
0.220947 0.761095 
0.971362 0.463803 
0.935347 0.587876 
0.413622 0.141979 
0.470671 0.913064 
0.437855 0.842779 
0.31951 0.302946 
0.350026 0.587941 
0.120328 0.497528 
0.359027 0.270515 
0.88525 0.104977 
0.937507 0.508958 
0.993699 0.798624 
0.129451 0.829033 
0.162779 0.573792 
0.763934 0.410369 
0.349862 0.918511 
0.829851 0.21602 
0.934832 0.769776 
0.481937 0.222438 
0.791098 0.491905 
0.251389 0.648881 
0.406519 0.107698 
0.773556 0.709617 
0.425149 0.871161 
0.0880027 0.853425 
0.347887 0.817197 
0.106296 0.115441 
0.769315 0.0301907 
0.868496 0.313477 
0.622438 0.629566 
0.134175 0.749662 
0.0413081 0.761002 
0.93449 0.477784 
0.756618 0.170303 
0.189693 0.9612 
0.476192 0.191858 
0.0433583 0.925261 
0.465022 0.945726 
0.288349 0.476042 
0.856924 0.91001 
0.0628347 0.834993 
0.0272598 0.256113 
0.102669 0.446926 
0.0713191 0.447008 
0.19795 0.335819 
0.515236 0.071031 
0.980485 0.36771 
0.836644 0.0332692 
0.759488 0.664434 
0.879036 0.394838 
0.601844 0.660566 
0.674601 0.553393 
0.540649 0.144233 
0.768403 0.378594 
0.400271 0.624715 
0.776591 0.0918191 
0.548698 0.999567 
0.10556 0.209321 
0.977542 0.850749 
0.200083 0.154033 
0.338673 0.19288 
0.751155 0.228402 
0.501372 0.246738 
0.58898 0.17084 
0.699098 0.528127 
0.193478 0.397635 
0.780021 0.0595766 
0.337127 0.948158 
0.74128 0.843061 
0.582763 0.314119 
0.406934 0.674234 
0.914139 0.0930073 
0.53823 0.194409 
0.207862 0.298807 
0.385079 0.652036 
0.855538 0.37419 
0.387523 0.922522 
0.884446 0.195576 
0.441002 0.811842 
0.168875 0.658378 
0.634915 0.135596 
0.0888559 0.960736 
0.107354 0.602647 
0.910435 0.538404 
0.0969616 0.573148 
0.232915 0.617929 
0.855077 0.972523 
0.975436 0.00468182 
0.665842 0.354272 
0.842491 0.658209 
0.524901 0.315698 
0.912783 0.710942 
0.685871 0.893173 
0.967256 0.280824 
0.580237 0.0110619 
0.958835 0.658272 
0.688778 0.16919 
0.495178 0.406065 
0.887831 0.594504 
0.707888 0.403193 
0.405049 0.230083 
0.234566 0.137207 
0.426474 0.784345 
0.578856 0.345204 
0.193849 0.577212 
0.542422 0.443089 
0.875683 0.50098 
0.547572 0.676722 
0.469852 0.0231841 
0.293824 0.226571 
0.454558 0.373971 
0.702969 0.196999 
0.647395 0.41399 
0.692157 0.324846 
0.011987 0.632137 
0.468723 0.120319 
0.97973 0.914201 
0.150052 0.880483 
0.0289847 0.701206 
0.400832 0.342587 
0.579773 0.283134 
0.290828 0.604435 
0.52425 0.352847 
0.527513 0.766769 
0.263797 0.148016 
0.244664 0.98837 
0.487323 0.436216 
0.228267 0.66977 
0.319548 0.474102 
0.906895 0.885467 
0.637749 0.103335 
0.769712 0.604236 
0.640754 0.930602 
0.801172 0.150325 
0.716209 0.469187 
0.607325 0.196033 
0.096151 0.477598 
0.533477 0.279651 
0.30842 0.960061 
0.713972 0.673008 
0.0987183 0.824208 
0.322459 0.404473 
0.222511 0.792166 
0.0941184 0.910284 
0.516423 0.877008 
0.948702 0.862578 
0.209793 0.192001 
0.13905 0.374939 
0.469162 0.25175 
0.0659856 0.486091 
0.91176 0.234251 
0.2668 0.88813 
0.864107 0.158752 
0.557823 0.170217 
0.0217997 0.519711 
0.864315 0.0163043 
0.609585 0.928637 
0.716638 0.898732 
0.757474 0.543243 
0.51313 0.453661 
0.0539224 0.325395 
0.7726 0.743599 
0.34252 0.359922 
0.22071 0.472304 
0.88173 0.956203 
0.0808189 0.228464 
0.488997 0.998638 
0.546458 0.868782 
0.311248 0.540112 
0.366939 0.626689 
0.319138 0.0242588 
0.737504 0.334508 
0.676506 0.659811 
0.351083 0.722874 
0.390751 0.703593 
0.882599 0.452696 
0.325249 0.986449 
0.620227 0.398085 
0.229733 0.091924 
0.825058 0.96383 
0.421813 0.701576 
0.0824076 0.626133 
0.380208 0.991335 
0.521353 0.581201 
0.14788 0.314629 
0.111123 0.392041 
0.633709 0.719607 
0.944898 0.223775 
0.471823 0.283614 
0.496325 0.339087 
0.880461 0.696321 
0.97364 0.628821 
0.522912 0.54236 
0.718985 0.552124 
0.963281 0.166732 
0.259936 0.295369 
0.660806 0.226423 
0.374788 0.0219806 
0.878317 0.564766 
0.363269 0.173752 
0.510433 0.907568 
0.32459 0.0548843 
0.335873 0.629224 
0.514181 0.160651 
0.89639 0.332815 
0.90319 0.476275 
0.474953 0.534287 
0.562291 0.257378 
0.516627 0.0129748 
0.780522 0.856212 
0.498165 0.130487 
0.679815 0.0337336 
0.760295 0.777055 
0.0641109 0.902062 
0.347086 0.108459 
0.0497632 0.232219 
0.468527 0.83755 
0.262828 0.328698 
0.909178 0.272583 
0.629647 0.755799 
0.372559 0.471118 
0.943943 0.712505 
0.811087 0.798045 
0.0841471 0.991513 
0.0566108 0.570529 
0.532441 0.248545 
0.152085 0.783959 
0.940705 0.954395 
0.712598 0.082911 
0.610951 0.226985 
0.731465 0.78913 
0.0778192 0.101859 
0.550354 0.223083 
0.230615 0.442617 
0.0371285 0.852666 
0.354943 0.138572 
0.668116 0.0886101 
0.10894 0.178239 
0.111118 0.360688 
0.314707 0.374207 
0.270413 0.0434873 
0.728261 0.927761 
0.534458 0.704965 
0.55352 0.303455 
0.500322 0.516175 
0.395919 0.389648 
0.93509 0.25507 
0.697708 0.355516 
0.441495 0.92537 
0.408812 0.755567 
0.256337 0.738228 
0.464145 0.31379 
0.854346 0.941148 
0.0771837 0.743141 
0.722358 0.86797 
0.967177 0.55989 
0.841537 0.297643 
0.15955 0.469664 
0.840596 0.0654967 
0.76136 0.574185 
0.451646 0.215305 
0.216823 0.927613 
0.800625 0.270332 
0.850814 0.616583 
0.599162 0.838024 
0.841983 0.447781 
0.653415 0.867469 
0.318109 0.665204 
0.827135 0.387227 
0.0879278 0.140654 
0.523926 0.418036 
0.393308 0.165552 
0.454383 0.169665 
0.379505 0.598145 
0.510161 0.724432 
0.961395 0.529151 
0.895008 0.166156 
0.439069 0.0278165 
0.938364 0.681816 
0.502412 0.277836 
0.00899673 0.113387 
0.28014 0.445879 
0.645418 0.501434 
0.88752 0.921092 
0.435641 0.326323 
0.269149 0.969216 
0.492483 0.648767 
0.580205 0.231919 
0.988896 0.74863 
0.181553 0.991203 
0.81058 0.429314 
0.192014 0.48479 
0.493811 0.933886 
0.305619 0.502102 
0.346978 0.489032 
0.668633 0.586108 
0.556639 0.49163 
0.661731 0.318088 
0.44468 0.140102 
0.817196 0.693995 
0.75019 0.306015 
0.00180484 0.426538 
0.0630122 0.260585 
0.351078 0.391997 
0.973856 0.721321 
0.789694 0.523072 
0.853072 0.836244 
0.0414075 0.645006 
0.522825 0.947776 
0.196249 0.676251 
0.0368081 0.200087 
0.552969 0.936435 
0.355171 0.0763674 
0.808762 0.071901 
0.437425 0.57483 
0.0915153 0.320834 
0.333096 0.517017 
0.20731 0.892163 
0.522651 0.111236 
0.286509 0.387714 
0.597054 0.0373364 
0.743693 0.454461 
0.374652 0.412466 
0.669526 0.287913 
0.515929 0.382851 
0.203264 0.427396 
0.810809 0.2408 
0.995262 0.484032 
0.884781 0.852721 
0.971806 0.776421 
0.795483 0.11817 
0.29458 0.0630702 
0.00868273 0.0461961 
0.945811 0.053211 
0.711202 0.765355 
0.312469 0.929256 
0.627628 0.469715 
0.732801 0.524178 
0.995015 0.574118 
0.589729 0.689272 
0.145461 0.441663 
0.620966 0.0770258 
0.654732 0.809211 
0.405486 0.419337 
0.220215 0.699872 
0.57752 0.0960122 
0.63609 0.245404 
0.167419 0.156388 
0.401211 0.501212 
0.994231 0.605352 
0.918124 0.856352 
0.699891 0.280874 
0.48317 0.157783 
0.983005 0.308466 
0.348938 0.657523 
0.849935 0.867324 
0.30434 0.633236 
0.607571 0.988015 
0.734209 0.194836 
0.74766 0.902626 
0.811702 0.66328 
0.277659 0.823019 
0.0157652 0.373193 
0.493289 0.0990867 
0.680261 0.761186 
0.838935 0.416168 
0.829966 0.356106 
0.624015 0.856911 
0.340679 0.687535 
0.670654 0.939619 
0.290685 0.093945 
0.0947345 0.515577 
0.283644 0.52434 
0.196855 0.0898991 
0.294294 0.417995 
0.387882 0.282277 
0.181484 0.514272 
0.521845 0.659174 
0.936132 0.556195 
0.780009 0.801306 
0.955796 0.0828077 
0.268381 0.208529 
0.639838 0.534715 
0.970101 0.820478 
0.989918 0.655464 
0.566411 0.844835 
0.806509 0.301036 
0.779509 0.316796 
0.499297 0.753608 
0.973835 0.198951 
0.852536 0.547154 
0.180274 0.127986 
0.324409 0.220581 
0.566205 0.611769 
0.41346 0.902066 
0.735668 0.611739 
0.034548 0.888199 
0.719961 0.167014 
0.379827 0.818421 
0.14086 0.619795 
0.180577 0.279662 
0.704728 0.434202 
0.565385 0.708709 
0.0254574 0.567003 
0.203749 0.606848 
0.369024 0.760365 
0.106858 0.665579 
0.639812 0.992144 
0.927945 0.73929 
0.203923 0.855135 
0.708277 0.984703 
0.907237 0.0625079 
0.316089 0.441922 
0.195753 0.739748 
0.283417 0.941607 
0.96579 0.249076 
0.787804 0.643217 
0.378272 0.246012 
0.754177 0.259478 
0.587254 0.950416 
0.00539748 0.721923 
0.785974 0.680969 
0.780293 0.436934 
0.496276 0.485275 
0.609767 0.559796 
0.539291 0.7359 
0.527204 0.042273 
0.124471 0.798313 
0.834168 0.776979 
0.185487 0.0469249 
0.221229 0.528223 
0.415332 0.047925 
0.87268 0.666101 
0.287976 0.356453 
0.558115 0.760918 
0.598825 0.760482 
0.49613 0.0398732 
0.0905185 0.415672 
0.577632 0.575403 
0.0237632 0.140921 
0.0104626 0.456653 
0.224297 0.033319 
0.463512 0.77656 
0.108662 0.698219 
0.954989 0.322443 
0.878353 0.07446 
0.707163 0.734391 
0.60259 0.717675 
0.284204 0.124462 
0.816622 0.187708 
0.976379 0.0410464 
0.239068 0.834813 
0.284924 0.698578 
0.693114 0.107346 
0.0229851 0.341981 
0.609277 0.528651 
0.497197 0.824387 
0.93649 0.288831 
0.753426 0.871888 
0.786873 0.17811 
0.632306 0.30788 
0.743564 0.691284 
0.678947 0.415905 
0.508685 0.687425 
0.226219 0.730435 
0.413335 0.98822 
0.553469 0.115846 
0.27137 0.266213 
0.0765642 0.546072 
0.74509 0.722469 
0.506175 0.620728 
0.767297 0.346498 
0.439904 0.756288 
0.124443 0.903321 
0.873479 0.760239 
0.798435 0.583023 
0.850247 0.688447 
0.755561 0.943008 
0.0502976 0.157426 
0.230232 0.376002 
0.684165 0.861963 
0.164754 0.755538 
0.903669 0.768165 
0.227417 0.407292 
0.368171 0.94684 
0.6182 0.958653 
0.185442 0.91425 
0.653374 0.638901 
0.828631 0.476577 
0.346396 0.00926587 
0.828193 0.566673 
0.00648438 0.00755069 
0.991851 0.338518 
0.600256 0.806851 
0.321872 0.601377 
0.149495 0.283368 
0.157041 0.814668 
0.682073 0.494083 
0.686582 0.459546 
0.794595 0.942492 
0.740019 0.753287 
0.466817 0.564383 
0.65265 0.383288 
0.0324604 0.434327 
0.681462 0.792391 
0.944446 0.617754 
0.172011 0.425001 
0.428636 0.356688 
0.147057 0.126082 
0.139992 0.00370333 
0.434179 0.24106 
0.252414 0.526152 
0.628348 0.0466926 
0.0413547 0.729838 
0.457244 0.0530652 
0.531243 0.836137 
0.236141 0.210749 
0.779174 0.000512681 
0.372385 0.369177 
0.602597 0.13774 
0.993855 0.160265 
0.308416 0.770154 
0.373608 0.56752 
0.743093 0.996187 
0.115199 0.300112 
0.354002 0.974549 
0.952487 0.353652 
0.802431 0.721515 
0.75355 0.114634 
0.614465 0.497942 
0.0125105 0.920875 
0.880884 0.624928 
0.135262 0.681962 
0.646877 0.608426 
0.0755434 0.0254876 
0.425695 0.642873 
0.229689 0.167987 
0.167278 0.0996488 
0.109572 0.0844419 
0.764165 0.973077 
0.548158 0.565323 
0.2662 0.498103 
0.118975 0.143943 
0.394345 0.96361 
0.80251 0.459475 
0.315272 0.705504 
0.556207 0.0309103 
0.669636 0.256534 
0.325569 0.0859837 
0.571754 0.142332 
0.590193 0.631667 
0.256829 0.359431 
0.647479 0.177579 
0.107073 0.734331 
0.327926 0.272889 
0.742701 0.48562 
0.256649 0.425238 
0.610825 0.285328 
0.578723 0.784303 
0.548915 0.967338 
0.0505887 0.387943 
0.854751 0.585472 
0.568464 0.813735 
0.370996 0.508993 
0.200239 0.367044 
0.237295 0.900345 
0.869063 0.424487 
0.679799 0.719392 
0.99948 0.691092 
0.831764 0.267959 
0.817402 0.537397 
0.026227 0.488716 
0.0419681 0.283764 
0.629555 0.887632 
0.729867 0.646175 
0.0261606 0.310803 
0.0332683 0.954721 
0.00205082 0.891525 
0.620318 0.0165244 
0.521534 0.982222 
0.68775 0.0639573 
0.134593 0.525397 
0.527204 0.48145 
0.376685 0.0988517 
0.607503 0.33302 
0.542057 0.0868553 
0.848389 0.516203 
0.408134 0.56401 
0.722486 0.118008 
0.0678517 0.713411 
0.10944 0.00966922 
0.170353 0.376481 
0.623624 0.587693 
0.184534 0.248641 
0.0246586 0.598269 
0.0698858 0.773435 
0.480042 0.716564 
0.971685 0.945012 
0.0634647 0.517308 
0.949632 0.0222149 
0.912615 0.443679 
0.020568 0.0768798 
0.620848 0.691184 
0.825428 0.130604 
0.74922 0.054148 
0.12663 0.860012 
0.0191268 0.225894 
0.0485277 0.67688 
0.595438 0.600962 
0.570994 0.656197 
0.795273 0.212234 
0.165761 0.0221345 
0.734413 0.424696 
0.65385 0.777834 
0.712901 0.500184 
0.135476 0.589007 
0.372371 0.895393 
0.337947 0.759473 
0.35417 0.0452685 
0.794209 0.402723 
0.791154 0.772108 
0.293303 0.321785 
0.950567 0.984725 
0.0507137 0.356598 
0.346029 0.424963 
0.44317 0.996978 
0.0509001 0.615235 
0.764988 0.200396 
0.369966 0.338077 
0.904235 0.413479 
0.425017 0.447283 
0.255873 0.393958 
0.219957 0.560047 
0.774727 0.918292 
0.470895 0.503377 
0.436647 0.418361 
0.0804807 0.684889 
0.126847 0.466886 
0.799265 0.614204 
0.740556 0.143499 
0.671749 0.197197 
0.911026 0.975314 
0.822705 0.843771 
0.760999 0.510868 
0.443462 0.270772 
0.719176 0.309275 
0.82368 0.0993854 
0.258078 0.237969 
0.147841 0.405033 
0.56817 0.891156 
0.251081 0.557377 
0.507295 0.191002 
0.190256 0.708368 
0.290805 0.290655 
0.0388444 0.104256 
0.235006 0.500144 
0.875666 0.885026 
0.259952 0.857826 
0.676364 0.00257886 
0.078681 0.170474 
0.976512 0.134268 
0.47932 0.677008 
0.258927 0.178817 
0.437564 0.109813 
0.49779 0.560808 
0.191566 0.771321 
0.705079 0.953597 
0.884182 0.361616 
0.578217 0.737107 
0.17931 0.185255 
0.367465 0.306484 
0.46683 0.976785 
0.154366 0.976108 
0.691134 0.233676 
0.943681 0.447825 
0.628272 0.438576 
0.461422 0.651126 
0.347431 0.241589 
0.150419 0.197148 
0.560558 0.0617727 
0.332662 0.79011 
0.153488 0.25232 
0.18081 0.87592 
0.240479 0.270919 
0.121523 0.269317 
0.178982 0.310909 
0.426141 0.29666 
0.469179 0.745738 
0.220779 0.961492 
0.18537 0.801811 
0.0237874 0.404209 
0.341666 0.324924 
0.805072 0.0408472 
0.0734158 0.933625 
0.292691 0.905295 
0.586764 0.483717 
0.140724 0.0833499 
0.804404 0.908456 
0.112766 0.633427 
0.286581 0.729662 
0.437964 0.671607 
0.535153 0.609142 
0.278771 0.759761 
0.121286 0.4217 
0.301143 0.256886 
0.0548901 0.00216175 
0.968289 0.690627 
0.69956 0.638815 
0.227948 0.344783 
0.103032 0.0401509 
0.599859 0.256133 
0.85979 0.474071 
0.838075 0.717199 
0.308092 0.145387 
0.32333 0.900149 
0.799527 0.340777 
0.907686 0.38228 
0.108075 0.543912 
0.288615 0.0182562 
0.948903 0.797606 
0.966419 0.591122 
0.163582 0.724435 
0.444825 0.542286 
0.8611 0.216362 
0.384511 0.0521324 
0.413071 0.26396 
0.00146539 0.543518 
0.897399 0.301554 
0.137983 0.949675 
0.807916 0.87136 
0.156188 0.849849 
0.799842 0.37201 
0.705434 0.0158423 
0.254991 0.113669 
0.856349 0.126006 
0.683812 0.383408 
0.965276 0.494517 
0.636587 0.206791 
0.43611 0.963917 
0.751176 0.813401 
0.0340455 0.791309 
0.544675 0.394816 
0.00508509 0.197958 
0.282294 0.555578 
0.294155 0.987669 
0.987861 0.22691 
0.162662 0.539264 
0.626012 0.367142 
0.916528 0.130157 
0.492345 0.592758 
0.882365 0.987759 
0.943597 0.191018 
0.250417 0.805882 
0.734874 0.0263639 
0.942367 0.893119 
0.167378 0.939555 
0.971969 0.883331 
0.334424 0.162012 
0.895573 0.0160761 
0.57856 0.513756 
0.0595865 0.971365 
0.081464 0.350518 
0.737575 0.393679 
0.461572 0.0900183 
0.917759 0.796004 
0.486745 0.886406 
0.0070588 0.86077 
0.168133 0.604589 
0.656847 0.740533 
0.345128 0.456181 
0.109774 0.240302 
0.66352 0.150824 
0.640626 0.276235 
0.0328407 0.0241996 
0.879495 0.819582 
0.494739 0.308001 
0.0623122 0.870986 
0.0096925 0.771858 
0.838335 0.998913 
0.261144 0.678462 
0.384234 0.442168 
0.00580772 0.287001 
0.912059 0.616055 
0.731085 0.280454 
0.795314 0.828619 
0.518493 0.220379 
0.439907 0.50687 
0.824283 0.93258 
0.0937272 0.79348 
0.924706 0.00339152 
0.38607 0.734345 
0.654131 0.693222 
0.12116 0.331003 
0.854608 0.09479 
0.70768 0.809421 
0.919271 0.914122 
0.0285534 0.985523 
0.577389 0.980007 
0.781012 0.887569 
0.840862 0.807492 
0.153414 0.500378 
0.885877 0.13626 
0.772225 0.467064 
0.00240984 0.950351 
0.0626496 0.803798 
0.445647 0.894549 
0.771628 0.14013 
0.945937 0.140735 
0.437709 0.475764 
0.250171 0.773955 
0.824231 0.632913 
0.435905 0.613345 
0.069728 0.298306 
0.926246 0.165003 
0.758247 0.633242 
0.413695 0.939282 
0.0592621 0.418068 
0.251711 0.0186481 
0.455636 0.697238 
0.549548 0.33471 
0.547853 0.790355 
0.743794 0.0849345 
0.423468 0.173224 
0.600976 0.453587 
0.885852 0.25175 
0.26707 0.584187 
0.0565565 0.0785547 
0.213765 0.991784 
0.832885 0.160985 
0.211171 0.821119 
0.935324 0.417584 
0.555083 0.365407 
0.242993 0.0581845 
0.658586 0.473204 
0.36487 0.791177 
0.410548 0.595142 
0.494043 0.855355 
0.53124 0.512341 
0.346019 0.878928 
0.277614 0.790836 
0.971057 0.432494 
0.730914 0.580927 
0.118364 0.977113 
0.313803 0.114788 
0.209859 0.118214 
0.850444 0.186915 
0.869724 0.280519 
0.858358 0.343053 
0.213497 0.642332 
0.779585 0.241321 
