0.906768 0.0254836 
0.602301 0.47455 
0.499556 0.759519 
0.876588 0.512933 
0.423071 0.480655 
0.404236 0.605567 
0.0230358 0.484584 
0.965947 0.333248 
0.801097 0.952196 
0.308213 0.523265 
0.423545 0.302422 
0.903566 0.700485 
0.985148 0.472736 
0.787779 0.334397 
0.32485 0.128229 
0.368482 0.881209 
0.0203576 0.0114465 
0.653972 0.924404 
0.412533 0.800013 
0.682595 0.682298 
0.316279 0.465084 
0.176212 0.69367 
0.709659 0.405471 
0.0823907 0.264088 
0.942986 0.101237 
0.10643 0.883849 
0.0467921 0.809895 
0.891921 0.638187 
0.672851 0.949189 
0.985787 0.58376 
0.851444 0.457852 
0.712373 0.181233 
0.722201 0.0932912 
0.325589 0.720646 
0.346849 0.0597132 
0.775634 0.570689 
0.240675 0.593551 
0.267843 0.0228147 
0.796203 0.92107 
0.271402 0.247742 
0.185386 0.352967 
0.731201 0.815089 
0.0570644 0.746595 
0.807977 0.791511 
0.409503 0.357476 
0.36546 0.200769 
0.849113 0.0260981 
0.58744 0.136844 
0.583118 0.0156852 
0.90357 0.416133 
0.0824806 0.499177 
0.491327 0.53587 
0.366928 0.536662 
0.904323 0.220588 
0.863838 0.777465 
0.749909 0.135364 
0.402138 0.277674 
0.724452 0.714236 
0.498954 0.990578 
0.334205 0.892287 
0.680778 0.368176 
0.970981 0.675604 
0.514304 0.396658 
0.701528 0.770309 
0.721431 0.540466 
0.711286 0.374429 
0.621189 0.644482 
0.0438438 0.890425 
0.955703 0.562006 
0.237067 0.501331 
0.446169 0.459538 
0.624297 0.395129 
0.804264 0.160618 
0.430435 0.511073 
0.0595378 0.124649 
0.86672 0.574409 
0.287615 0.220966 
0.117051 0.301453 
0.934327 0.411417 
0.463189 0.550619 
0.521217 0.513395 
0.085123 0.760257 
0.787574 0.194445 
0.657081 0.532965 
0.0985313 0.692816 
0.682222 0.0362687 
0.901893 0.731611 
0.720298 0.899806 
0.837585 0.144405 
0.335131 0.0278053 
0.0793412 0.183458 
0.479466 0.966216 
0.0379417 0.840453 
0.650444 0.377241 
0.244052 0.177693 
0.306216 0.195799 
0.840356 0.670909 
0.86794 0.746585 
0.604881 0.226359 
0.63792 0.618233 
0.851651 0.615729 
0.620706 0.51227 
0.36586 0.850069 
0.967375 0.770319 
0.53977 0.125197 
0.138202 0.671704 
0.15935 0.632489 
0.227867 0.204462 
0.959108 0.806393 
0.00814671 0.0846868 
0.612075 0.965767 
0.899554 0.255705 
0.0996996 0.620942 
0.343429 0.449457 
0.321598 0.0781064 
0.46505 0.748204 
0.461308 0.991593 
0.218954 0.137133 
0.0334438 0.766986 
0.364922 0.645239 
0.752406 0.727952 
0.752194 0.696831 
0.0339628 0.142498 
0.877531 0.204568 
0.367139 0.96989 
0.589427 0.642718 
0.965309 0.156366 
0.93413 0.211301 
0.990532 0.0216451 
0.769197 0.169338 
0.178398 0.0447069 
0.878107 0.142667 
0.256127 0.981282 
0.957604 0.190819 
0.923608 0.548685 
0.913463 0.608298 
0.989818 0.0594779 
0.9624 0.939483 
0.135564 0.248898 
0.846452 0.396425 
0.44166 0.573317 
0.25071 0.870761 
0.702907 0.801616 
0.245135 0.684002 
0.106425 0.0878135 
0.0188979 0.794579 
0.492471 0.891592 
0.0766741 0.901767 
0.676555 0.211345 
0.0450829 0.0308498 
0.395244 0.833679 
0.751505 0.496946 
0.57089 0.421725 
0.491382 0.504107 
0.015188 0.201661 
0.772562 0.96556 
0.225782 0.0664282 
0.275585 0.956872 
0.715177 0.290113 
0.480809 0.474698 
0.464114 0.519367 
0.127742 0.541428 
0.815961 0.462472 
0.0222467 0.654523 
0.141648 0.896456 
0.312074 0.812103 
0.938774 0.782761 
0.359335 0.394987 
0.580974 0.760872 
0.977905 0.615393 
0.912866 0.0932171 
0.402937 0.991004 
0.0340055 0.377716 
0.936944 0.362383 
0.713283 0.510469 
0.329815 0.772674 
0.775822 0.676584 
0.12775 0.331457 
0.0364059 0.618374 
0.112618 0.914421 
0.245427 0.901527 
0.650648 0.411744 
0.50875 0.214306 
0.348269 0.996455 
0.83303 0.640658 
0.889287 0.96596 
0.761797 0.0566915 
0.527909 0.00219124 
0.0519289 0.403248 
0.00930386 0.982307 
0.394584 0.635326 
0.703334 0.458763 
0.0338599 0.513831 
0.410394 0.574883 
0.731799 0.0483373 
0.128666 0.608569 
0.747619 0.557216 
0.992836 0.85798 
0.552601 0.683629 
0.404938 0.0235926 
0.536693 0.0863776 
0.989915 0.10996 
0.21193 0.267674 
0.575365 0.216173 
0.284123 0.995803 
0.6309 0.251188 
0.270121 0.195017 
0.42638 0.383849 
0.844983 0.427461 
0.753991 0.329498 
0.558956 0.584517 
0.46252 0.0655236 
0.68454 0.850875 
0.240268 0.00817662 
0.82097 0.312065 
0.154814 0.955564 
0.451678 0.164799 
0.883918 0.383582 
0.943998 0.0700703 
0.954942 0.0109617 
0.158231 0.986579 
0.637018 0.776868 
0.503764 0.605478 
0.0725724 0.588002 
0.557962 0.190259 
0.0291085 0.230536 
0.795243 0.370914 
0.432851 0.742021 
0.810849 0.497154 
0.0909956 0.318674 
0.0676148 0.618817 
0.95311 0.701149 
0.668367 0.624655 
0.0816815 0.725814 
0.762571 0.462972 
0.435021 0.913024 
0.8774 0.805509 
0.103358 0.0258712 
0.84823 0.856777 
0.85001 0.300964 
0.175238 0.499659 
0.887258 0.449138 
0.650697 0.315867 
0.895338 0.996511 
0.745681 0.0155647 
0.777962 0.272701 
0.703282 0.955864 
0.639754 0.0678176 
0.702792 0.0596656 
0.719679 0.744999 
0.223798 0.981656 
0.464319 0.716999 
0.391874 0.483146 
0.691874 0.269499 
0.392949 0.30908 
0.923024 0.440409 
0.0996816 0.78786 
0.259758 0.321592 
0.177718 0.176598 
0.53891 0.343953 
0.928094 0.579493 
0.488592 0.638045 
0.549133 0.288076 
0.472002 0.815409 
0.942319 0.30112 
0.226491 0.926338 
0.590383 0.505079 
0.464446 0.938874 
0.623765 0.859429 
0.108665 0.481932 
0.0541854 0.485982 
0.673847 0.784567 
0.162597 0.412146 
0.69031 0.561132 
0.716599 0.65409 
0.786602 0.518429 
0.00268803 0.285427 
0.998295 0.235338 
0.479464 0.225321 
0.63106 0.451077 
0.275542 0.383601 
0.590045 0.915221 
0.909026 0.348672 
0.0991739 0.207562 
0.579937 0.0775673 
0.303612 0.886061 
0.132451 0.866637 
0.979703 0.992044 
0.0481261 0.997279 
0.0983937 0.380233 
0.21199 0.298975 
0.159535 0.0695721 
0.378646 0.565719 
0.0655821 0.440704 
0.387527 0.45213 
0.286627 0.305496 
0.560881 0.515152 
0.141972 0.732883 
0.360712 0.318315 
0.48761 0.190846 
0.651161 0.0388055 
0.679174 0.399277 
0.189552 0.147688 
0.465415 0.25327 
0.100049 0.988756 
0.8092 0.278248 
0.422356 0.649709 
0.0523976 0.31766 
0.619676 0.318803 
0.547516 0.0571108 
0.528072 0.772132 
0.661646 0.440852 
0.624215 0.0231477 
0.471789 0.611734 
0.248691 0.146757 
0.457952 0.0964057 
0.194106 0.385674 
0.94956 0.531483 
0.593587 0.400355 
0.168322 0.663445 
0.242144 0.116194 
0.627517 0.542654 
0.640217 0.952365 
0.950997 0.261928 
0.664856 0.104953 
0.339519 0.521483 
0.736684 0.420808 
0.223025 0.797172 
0.897022 0.581439 
0.996904 0.501596 
0.606711 0.429862 
0.606815 0.616858 
0.840149 0.486801 
0.760329 0.299073 
0.103758 0.589706 
0.335059 0.25198 
0.23322 0.743964 
0.299028 0.0243833 
0.853668 0.0568943 
0.579806 0.561352 
0.211641 0.172065 
0.783566 0.611836 
0.536903 0.375112 
0.721919 0.930909 
0.539645 0.247702 
0.360818 0.768946 
0.568819 0.352918 
0.797446 0.401901 
0.736944 0.225196 
0.526772 0.188735 
0.44628 0.883346 
0.767737 0.419642 
0.00660315 0.627548 
0.81869 0.24865 
0.919555 0.904085 
0.566976 0.384065 
0.90637 0.522788 
0.132556 0.0538624 
0.76778 0.933826 
0.28222 0.0826293 
0.127669 0.147214 
0.241976 0.953458 
0.264269 0.437185 
0.802008 0.988719 
0.308047 0.750286 
0.452689 0.133245 
0.165571 0.205393 
0.146137 0.488243 
0.984674 0.961283 
0.617568 0.128758 
0.788711 0.865709 
0.395174 0.864939 
0.276642 0.901787 
0.268727 0.0544507 
0.927331 0.241691 
0.164313 0.236619 
0.684535 0.651242 
0.294374 0.722192 
0.373996 0.0751566 
0.0139303 0.565196 
0.607734 0.0496127 
0.528475 0.66385 
0.989589 0.734576 
0.817649 0.34296 
0.779671 0.835912 
0.227694 0.46985 
0.997065 0.143479 
0.137405 0.0915767 
0.25392 0.221776 
0.0674459 0.376164 
0.6914 0.0886555 
0.547611 0.714407 
0.0713702 0.9765 
0.745112 0.666538 
0.878467 0.313483 
0.904178 0.123116 
0.0816006 0.646721 
0.30338 0.842161 
0.24035 0.653105 
0.159332 0.335621 
0.560565 0.855753 
0.89394 0.286307 
0.0930665 0.855662 
0.224088 0.854461 
0.07731 0.0990211 
0.405645 0.726714 
0.65165 0.650901 
0.727141 0.869421 
0.611313 0.0805835 
0.571628 0.480167 
0.0530741 0.659373 
0.661157 0.471964 
0.795906 0.762807 
0.878066 0.0375582 
0.196736 0.20139 
0.465765 0.907709 
0.238934 0.534123 
0.497551 0.667969 
0.927052 0.84609 
0.375119 0.720039 
0.323035 0.631915 
0.250078 0.623381 
0.097523 0.155322 
0.222888 0.328411 
0.108172 0.663118 
0.453517 0.489952 
0.192995 0.419509 
0.341606 0.801648 
0.653706 0.846469 
0.809959 0.130027 
0.0767987 0.00953405 
0.432237 0.980249 
0.980156 0.829391 
0.920382 0.967857 
0.840965 0.887064 
0.392846 0.215906 
0.37271 0.106376 
0.208279 0.00873992 
0.658317 0.346576 
0.489128 0.698032 
0.67081 0.0652655 
0.327048 0.596899 
0.985409 0.552595 
0.0651995 0.0702853 
0.942122 0.621421 
0.767157 0.357635 
0.0462472 0.0962333 
0.838792 0.795989 
0.390074 0.906704 
0.714123 0.841131 
0.293702 0.621032 
0.401882 0.0892291 
0.0130076 0.948298 
0.337232 0.659798 
0.115427 0.180902 
0.218815 0.885223 
0.386778 0.751597 
0.889147 0.897316 
0.558571 0.996457 
0.823943 0.0444177 
0.872145 0.939956 
0.0704038 0.556859 
0.541048 0.216505 
0.609289 0.727244 
0.384124 0.339128 
0.341779 0.101953 
0.493139 0.728987 
0.00911833 0.452813 
0.333775 0.334304 
0.443647 0.802403 
0.218456 0.627167 
0.304417 0.692606 
0.951004 0.651667 
0.724543 0.481495 
0.454366 0.397833 
0.600335 0.25725 
0.398233 0.960149 
0.702929 0.626142 
0.510082 0.359069 
0.514347 0.869374 
0.597197 0.535489 
0.431609 0.0796388 
0.460535 0.332145 
0.58988 0.309681 
0.848208 0.333044 
0.336654 0.188561 
0.788631 0.240677 
0.0427473 0.921582 
0.0417517 0.580455 
0.960434 0.23067 
0.230037 0.564132 
0.145629 0.121682 
0.80986 0.888567 
0.104697 0.121921 
0.396195 0.696951 
0.0109944 0.824753 
0.521838 0.544607 
0.432516 0.710806 
0.909575 0.313201 
0.119605 0.511191 
0.587726 0.946307 
0.495709 0.92599 
0.19068 0.979698 
0.919829 0.652002 
0.281408 0.805757 
0.656758 0.00813716 
0.980843 0.914363 
0.613022 0.674532 
0.905207 0.791452 
0.334031 0.376208 
0.304666 0.10436 
0.720269 0.251558 
0.00536762 0.343507 
0.932787 0.503103 
0.350732 0.617358 
0.561281 0.322171 
0.816251 0.527758 
0.456063 0.0349806 
0.689655 0.123814 
0.192403 0.850997 
0.498079 0.798287 
0.474402 0.777973 
0.802172 0.586926 
0.93405 0.040517 
0.390114 0.666283 
0.842097 0.729212 
0.0985042 0.348996 
0.401879 0.544757 
0.5413 0.611614 
0.336397 0.157287 
0.447777 0.282634 
0.772006 0.99706 
0.528853 0.803303 
0.530813 0.433638 
0.168272 0.912727 
0.573335 0.88891 
0.359167 0.911044 
0.506152 0.165283 
0.984178 0.70386 
0.801312 0.637387 
0.639769 0.16154 
0.433071 0.542248 
0.338671 0.283081 
0.00296865 0.374584 
0.550593 0.750566 
0.327922 0.220136 
0.708701 0.212133 
0.15902 0.557065 
0.639933 0.732997 
0.0749491 0.0406638 
0.60781 0.996644 
0.756893 0.527554 
0.853609 0.0880254 
0.412826 0.768799 
0.397295 0.0543654 
0.31715 0.998962 
0.272344 0.504305 
0.188684 0.787413 
0.299546 0.780343 
0.758187 0.871876 
0.566949 0.160365 
0.281249 0.864277 
0.178905 0.530715 
0.583041 0.977133 
0.338403 0.418534 
0.554932 0.915439 
0.0949292 0.818697 
0.811708 0.73598 
0.928481 0.812185 
0.752563 0.0864205 
0.632196 0.48333 
0.177129 0.294125 
0.520963 0.838904 
0.619509 0.189237 
0.712383 0.985654 
0.453527 0.687711 
0.862236 0.543627 
0.25833 0.476298 
0.720784 0.124396 
0.713601 0.685057 
0.0205237 0.738588 
0.35969 0.135483 
0.0363817 0.346613 
0.183554 0.579152 
0.369554 0.288264 
0.447651 0.360754 
0.377077 0.00848087 
0.802947 0.555844 
0.692066 0.487741 
0.593636 0.106278 
0.480503 0.147467 
0.657223 0.26782 
0.209243 0.0399399 
0.489853 0.840992 
0.239115 0.380271 
0.871551 0.836113 
0.817167 0.85257 
0.841095 0.942374 
0.119082 0.838449 
0.375637 0.257546 
0.270202 0.53555 
0.556584 0.947696 
0.261433 0.929047 
0.699842 0.595195 
0.474018 0.444172 
0.830337 0.700378 
0.612236 0.569787 
0.350584 0.739412 
0.627338 0.349948 
0.490818 0.0787065 
0.637757 0.983432 
0.305975 0.164514 
0.00770639 0.530827 
0.327798 0.861728 
0.116889 0.947603 
0.79941 0.696891 
0.334588 0.968397 
0.138723 0.391962 
0.0525372 0.254935 
0.221206 0.405963 
0.310546 0.433827 
0.510322 0.103078 
0.28555 0.414203 
0.167775 0.0996752 
0.958923 0.740296 
0.0723414 0.293644 
0.838514 0.587525 
0.18113 0.468937 
0.454528 0.841662 
0.204805 0.44849 
0.862896 0.649438 
0.971913 0.29141 
0.981294 0.404164 
0.981722 0.646335 
0.465247 0.658772 
0.604477 0.8876 
0.688399 0.529717 
0.20744 0.694482 
0.192445 0.0749504 
0.299939 0.0556032 
0.660506 0.756405 
0.368998 0.505394 
0.135015 0.429559 
0.962795 0.125312 
0.582128 0.450806 
0.430485 0.111271 
0.182224 0.940653 
0.262646 0.567444 
0.0935316 0.528376 
0.126285 0.363279 
0.588642 0.184096 
0.200784 0.553059 
0.95607 0.593154 
0.155206 0.761159 
0.393104 0.150771 
0.31334 0.399733 
0.90861 0.153932 
0.758351 0.247753 
0.47885 0.357505 
0.542107 0.49021 
0.482036 0.11628 
0.270441 0.834987 
0.400612 0.120439 
0.778791 0.895236 
0.900255 0.492286 
0.691994 0.238386 
0.819918 0.612455 
0.212865 0.767645 
0.245959 0.34971 
0.18956 0.640513 
0.18141 0.610339 
0.78711 0.443924 
0.572028 0.616854 
0.901481 0.929462 
0.544256 0.405449 
0.574564 0.80791 
0.786176 0.0824465 
0.129622 0.77904 
0.816295 0.0745944 
0.0328248 0.427898 
0.0020484 0.678296 
0.472336 0.580494 
0.999495 0.888534 
0.102668 0.441468 
0.0222188 0.309725 
0.187787 0.881862 
0.263391 0.735861 
0.0124655 0.404274 
0.633827 0.102152 
0.670703 0.980273 
0.608545 0.159949 
0.204061 0.726925 
0.500847 0.567714 
0.728363 0.607617 
0.878208 0.344572 
0.631872 0.902444 
0.101598 0.558548 
0.688605 0.0057757 
0.908119 0.870836 
0.513752 0.0299957 
0.448404 0.632456 
0.838669 0.827134 
0.69344 0.711479 
0.368491 0.427259 
0.92342 0.471518 
0.881631 0.0705787 
0.154811 0.591464 
0.668784 0.59354 
0.771355 0.645791 
0.52139 0.695431 
0.846638 0.200873 
0.334509 0.49056 
0.856803 0.367121 
0.855719 0.119097 
0.738491 0.164313 
0.536024 0.156181 
0.861084 0.91084 
0.957808 0.851133 
0.21076 0.953295 
0.399234 0.513569 
0.472988 0.867232 
0.60709 0.794988 
0.933088 0.134695 
0.146648 0.180541 
0.845553 0.517403 
0.0687609 0.835675 
0.370155 0.0389212 
0.303458 0.369367 
0.153739 0.832745 
0.226357 0.236585 
0.0482776 0.180538 
0.662271 0.711266 
0.0219252 0.260883 
0.556463 0.646109 
0.285311 0.460387 
0.543049 0.881543 
0.818114 0.188475 
0.650353 0.80502 
0.112973 0.270478 
0.158578 0.151674 
0.576735 0.0462108 
0.807848 0.82265 
0.271836 0.765937 
0.292718 0.930644 
0.870185 0.266229 
0.409573 0.931073 
0.628903 0.827616 
0.0151057 0.707863 
0.434149 0.254474 
0.804407 0.0199469 
0.97151 0.0847472 
0.0207827 0.114239 
0.627612 0.702047 
0.673298 0.294468 
0.128977 0.63981 
0.690905 0.430261 
0.597767 0.828719 
0.268281 0.704996 
0.875784 0.235632 
0.101516 0.0570094 
0.0753696 0.233666 
0.931248 0.938661 
0.617578 0.930489 
0.881565 0.101714 
0.112081 0.40832 
0.157859 0.792347 
0.0398239 0.458294 
0.64861 0.131551 
0.91556 0.385823 
0.664874 0.502849 
0.278322 0.675388 
0.447095 0.428262 
0.0602972 0.94735 
0.502797 0.300755 
0.870869 0.482104 
0.304056 0.247598 
0.471598 0.302896 
0.241373 0.039376 
0.382574 0.37348 
0.809431 0.667429 
0.733602 0.451729 
0.715209 0.0219843 
0.589432 0.590994 
0.932176 0.724251 
0.211162 0.826046 
0.581898 0.672957 
0.885155 0.174392 
0.163052 0.443417 
0.0189911 0.169845 
0.901645 0.828039 
0.650476 0.877455 
0.672576 0.899413 
0.21608 0.359065 
0.298718 0.583596 
0.392068 0.184307 
0.131503 0.46062 
0.881968 0.60868 
0.185327 0.752922 
0.0638052 0.866472 
0.589506 0.703177 
0.774173 0.0281205 
0.791085 0.303504 
0.0675823 0.69685 
0.521649 0.273222 
0.389502 0.404029 
0.0143042 0.596377 
0.696606 0.879589 
0.303472 0.970898 
0.750364 0.907991 
0.487257 0.0464912 
0.151992 0.275497 
0.673426 0.150407 
0.382523 0.791391 
0.27718 0.35231 
0.357193 0.355112 
0.781212 0.487826 
0.507063 0.245549 
0.912937 0.188484 
0.85824 0.96837 
0.743514 0.953353 
0.509808 0.958993 
0.92643 0.998415 
0.199416 0.910821 
0.242898 0.263163 
0.549601 0.826572 
0.651462 0.682034 
0.128722 0.976465 
0.423033 0.680956 
0.303197 0.278909 
0.621619 0.284388 
0.327861 0.550542 
0.484171 0.388321 
0.20953 0.596604 
0.172096 0.724637 
0.953283 0.972005 
0.729494 0.783998 
0.423885 0.14537 
0.783202 0.723461 
0.113415 0.720259 
0.443941 0.771191 
0.294436 0.135456 
0.427984 0.0486295 
0.936403 0.167992 
0.780617 0.140394 
0.813922 0.428237 
0.527768 0.583495 
0.151429 0.0290133 
0.688205 0.742166 
0.830593 0.00107097 
0.347815 0.940122 
0.864292 0.998915 
0.826255 0.372815 
0.374235 0.596699 
0.0886517 0.934372 
0.271485 0.599001 
0.243051 0.29511 
0.0380652 0.686733 
0.2178 0.0966254 
0.128678 0.00765832 
0.570866 0.247054 
0.435473 0.603976 
0.925296 0.754652 
0.305364 0.658474 
0.745685 0.194957 
0.748483 0.841676 
0.13264 0.214786 
0.98866 0.177006 
0.720017 0.571525 
0.0012485 0.76467 
0.317931 0.306558 
0.677733 0.82028 
0.528539 0.934063 
0.983745 0.207781 
0.233027 0.434957 
0.895005 0.762005 
0.273086 0.644566 
0.874816 0.716197 
0.0807236 0.468006 
0.965948 0.505 
0.519527 0.633963 
0.0118897 0.917137 
0.741968 0.635591 
0.872616 0.413221 
0.434991 0.949169 
0.253701 0.791362 
0.492041 0.418599 
0.553048 0.54535 
0.548185 0.459592 
0.591538 0.859251 
0.844895 0.231923 
0.892541 0.550654 
0.146085 0.701925 
0.509914 0.134289 
0.516572 0.0610691 
0.826998 0.97014 
0.0419725 0.285184 
0.770114 0.780246 
0.95059 0.906889 
0.422369 0.176585 
0.348488 0.5741 
0.0341505 0.0674923 
0.448197 0.226509 
0.209658 0.523047 
0.934867 0.331333 
0.73831 0.389774 
0.772433 0.110374 
0.480802 0.0159607 
0.579349 0.280315 
0.339746 0.832847 
0.335634 0.691049 
0.190982 0.322178 
0.735934 0.355096 
0.302451 0.333795 
0.557751 0.781666 
0.504614 0.450638 
0.495846 0.331245 
0.87704 0.868613 
0.65897 0.564018 
0.378722 0.93579 
0.982134 0.261988 
0.826711 0.914755 
0.232807 0.712723 
0.52118 0.90376 
0.115064 0.75143 
0.0813333 0.413746 
0.767193 0.21794 
0.180975 0.263075 
0.25077 0.0857818 
0.867656 0.685876 
0.0616431 0.781744 
0.574367 0.730415 
0.358573 0.231304 
0.296608 0.55237 
0.983393 0.435245 
0.81057 0.218641 
0.704715 0.151059 
0.826828 0.103879 
0.0536484 0.211271 
0.834032 0.556747 
0.490407 0.272052 
0.0370673 0.968135 
0.149797 0.519287 
0.269908 0.279009 
0.833281 0.76236 
0.242103 0.821885 
0.724461 0.319782 
0.839579 0.271677 
0.195319 0.232624 
0.512317 0.480909 
0.741822 0.274088 
0.658493 0.236709 
0.634557 0.216651 
0.40432 0.245024 
0.987712 0.793968 
0.0675526 0.344949 
0.954205 0.476155 
0.681245 0.180563 
0.991607 0.31554 
0.419079 0.414292 
0.17718 0.0113789 
0.638097 0.587108 
0.140869 0.92765 
0.0225969 0.867605 
0.965199 0.0403818 
0.015813 0.0422815 
0.27471 0.164075 
0.0623793 0.526504 
0.0663289 0.155096 
0.210833 0.663412 
0.761968 0.810295 
0.423081 0.207846 
0.894793 0.670581 
0.928591 0.681903 
0.193923 0.116761 
0.769363 0.388621 
0.157357 0.366843 
0.704956 0.343988 
0.322668 0.921423 
0.254999 0.407262 
0.954735 0.387927 
0.106305 0.23797 
0.366613 0.686904 
0.969507 0.880023 
0.273182 0.112545 
0.42631 0.859368 
0.743505 0.984497 
0.612021 0.758279 
0.429253 0.333196 
0.367703 0.818873 
0.79382 0.0522744 
0.366207 0.166725 
0.361651 0.47493 
0.301422 0.492675 
0.651615 0.190474 
0.129896 0.572604 
0.953815 0.44502 
0.548211 0.0259031 
0.747641 0.758707 
0.456451 0.196022 
0.562543 0.103855 
0.53786 0.972627 
0.18108 0.817692 
0.434385 0.0118649 
0.415537 0.888657 
0.205586 0.492017 
0.418142 0.445586 
0.973904 0.363368 
0.911589 0.0621004 
0.53125 0.313684 
0.147891 0.306503 
0.426022 0.828162 
0.0446145 0.717982 
0.923423 0.276393 
0.757044 0.595605 
0.85425 0.170693 
0.597543 0.340737 
0.691483 0.924194 
0.132212 0.810145 
0.0403071 0.548568 
0.604431 0.371134 
0.523821 0.734571 
0.163365 0.862436 
0.680544 0.324733 
0.938391 0.878215 
