0.589729 0.53912 
0.85119 0.718249 
0.343648 0.571721 
0.852291 0.545597 
0.17171 0.704987 
0.980956 0.632019 
0.304218 0.428743 
0.270397 0.474957 
0.288704 0.963545 
0.480255 0.379037 
0.817476 0.784039 
0.444129 0.990201 
0.374256 0.577171 
0.828839 0.928971 
0.625084 0.467025 
0.655737 0.0968439 
0.779022 0.587065 
0.949046 0.834966 
0.136779 0.752224 
0.867139 0.844954 
0.419196 0.684646 
0.460292 0.561531 
0.798093 0.948848 
0.683206 0.783712 
0.712396 0.121502 
0.00875001 0.559671 
0.533105 0.145846 
0.761028 0.952066 
0.107 0.523146 
0.468315 0.418613 
0.174186 0.25284 
0.728539 0.805362 
0.216553 0.459321 
0.775976 0.0918429 
0.323924 0.0210151 
0.14265 0.616176 
0.204655 0.62174 
0.440091 0.537931 
0.965781 0.707313 
0.449038 0.69351 
0.215792 0.569737 
0.12204 0.781546 
0.108542 0.699775 
0.948709 0.385144 
0.645722 0.683228 
0.166561 0.666428 
0.382028 0.203531 
0.417251 0.157457 
0.618329 0.308709 
0.335812 0.364095 
0.23457 0.131779 
0.650943 0.431667 
0.0186349 0.77391 
0.206974 0.992256 
0.641154 0.199428 
0.00401424 0.148964 
0.593375 0.654335 
0.420276 0.246792 
0.476041 0.458692 
0.611141 0.24975 
0.683416 0.0113226 
0.260224 0.950737 
0.304568 0.647789 
0.00550198 0.827873 
0.954406 0.180728 
0.732926 0.36109 
0.0615098 0.602132 
0.614613 0.10435 
0.676218 0.842271 
0.949375 0.0875759 
0.888372 0.980348 
0.0591729 0.517123 
0.0308198 0.29277 
0.44449 0.597503 
0.916698 0.849482 
0.133758 0.15937 
0.00344025 0.277894 
0.923238 0.180855 
0.493803 0.284354 
0.681646 0.115629 
0.511049 0.374433 
0.588424 0.271193 
0.216561 0.067417 
0.85007 0.981273 
0.0645534 0.571084 
0.517784 0.256642 
0.912962 0.536898 
0.91875 0.0933658 
0.0941814 0.580853 
0.284159 0.922605 
0.993409 0.310269 
0.873415 0.652787 
0.64751 0.127003 
0.617425 0.1355 
0.209578 0.758719 
0.408858 0.187541 
0.56769 0.595461 
0.166645 0.0310055 
0.38175 0.831185 
0.148494 0.00563795 
0.563046 0.661244 
0.00176048 0.117889 
0.299288 0.729904 
0.473318 0.168115 
0.760586 0.267263 
0.0331998 0.657255 
0.888722 0.594323 
0.645163 0.574194 
0.672631 0.14561 
0.677144 0.952075 
0.446429 0.449214 
0.978863 0.844166 
0.182616 0.504563 
0.354899 0.188093 
0.398592 0.804921 
0.670178 0.397503 
0.52484 0.424649 
0.755361 0.921393 
0.540128 0.329639 
0.589965 0.685276 
0.111464 0.639758 
0.48713 0.839322 
0.394706 0.0206662 
0.393552 0.637045 
0.620105 0.427138 
0.627836 0.844203 
0.456892 0.018754 
0.734883 0.301585 
0.285797 0.672673 
0.386406 0.29441 
0.0597123 0.932765 
0.50965 0.62835 
0.730701 0.944771 
0.310653 0.98577 
0.262682 0.118257 
0.790666 0.557625 
0.0358658 0.584083 
0.955397 0.64994 
0.76562 0.647589 
0.822551 0.753268 
0.141047 0.898711 
0.0925512 0.36782 
0.980186 0.435865 
0.266265 0.892163 
0.380843 0.16216 
0.426447 0.714929 
0.93432 0.238419 
0.879678 0.482937 
0.476226 0.717248 
0.838173 0.0101007 
0.908022 0.153643 
0.0349551 0.871127 
0.519887 0.11749 
0.172983 0.626442 
0.77339 0.126344 
0.836016 0.847007 
0.84404 0.355076 
0.133563 0.58081 
0.187113 0.407891 
0.981172 0.0651908 
0.733774 0.975817 
0.713771 0.213489 
0.140113 0.239235 
0.36361 0.877454 
0.159852 0.0645835 
0.220718 0.856119 
0.757924 0.995591 
0.934467 0.357399 
0.746544 0.724827 
0.334751 0.164249 
0.96637 0.520743 
0.420981 0.622372 
0.18263 0.195987 
0.829429 0.126187 
0.452825 0.793625 
0.876792 0.217047 
0.165011 0.735479 
0.605881 0.907944 
0.747732 0.776711 
0.0890138 0.669228 
0.491689 0.142815 
0.0430677 0.627315 
0.700403 0.569233 
0.0973687 0.30769 
0.0402437 0.425927 
0.500652 0.511044 
0.679747 0.0423397 
0.750307 0.599207 
0.966361 0.738669 
0.556565 0.303115 
0.827026 0.423133 
0.159655 0.438852 
0.212694 0.187723 
0.598961 0.33316 
0.816831 0.871612 
0.956515 0.491144 
0.68466 0.226215 
0.0799263 0.263374 
0.346439 0.603885 
0.876381 0.893947 
0.873159 0.314342 
0.975335 0.677594 
0.608934 0.396297 
0.554446 0.207797 
0.853588 0.037233 
0.787638 0.77118 
0.390059 0.895056 
0.321776 0.549609 
0.127458 0.870607 
0.696543 0.900613 
0.475313 0.987772 
0.0114475 0.438303 
0.341141 0.992593 
0.40366 0.515834 
0.225217 0.033543 
0.893496 0.762815 
0.904547 0.324245 
0.145811 0.199339 
0.315744 0.585483 
0.518248 0.837143 
0.01217 0.631746 
0.332812 0.882569 
0.937467 0.0229367 
0.896668 0.794589 
0.615032 0.630007 
0.375057 0.0450652 
0.479313 0.686274 
0.696015 0.343717 
0.526313 0.455735 
0.87913 0.7343 
0.306673 0.268048 
0.950233 0.211617 
0.463201 0.517019 
0.708561 0.029841 
0.166487 0.22265 
0.73906 0.427172 
0.818524 0.612193 
0.742211 0.458224 
0.278628 0.786108 
0.809838 0.582235 
0.451071 0.299502 
0.0392028 0.552902 
0.275797 0.518099 
0.181176 0.113799 
0.715005 0.697217 
0.978053 0.81297 
0.0585398 0.676021 
0.191989 0.164419 
0.163152 0.592665 
0.125622 0.490227 
0.278296 0.364057 
0.0309058 0.944715 
0.342303 0.70223 
0.948398 0.960543 
0.218543 0.908836 
0.744959 0.0812575 
0.735154 0.543435 
0.203594 0.135474 
0.323866 0.831301 
0.292465 0.295782 
0.653483 0.228142 
0.0637209 0.111072 
0.973716 0.156265 
0.218587 0.428242 
0.843557 0.661967 
0.989002 0.783734 
0.21696 0.707643 
0.194331 0.59232 
0.618504 0.558129 
0.583808 0.477213 
0.781727 0.975401 
0.597473 0.877896 
0.230732 0.324931 
0.0233942 0.194354 
0.234384 0.544738 
0.498177 0.962761 
0.203204 0.264183 
0.483955 0.804081 
0.867872 0.955675 
0.476212 0.868566 
0.849837 0.293612 
0.190763 0.829694 
0.10803 0.838463 
0.974851 0.00727698 
0.873744 0.345536 
0.846105 0.484756 
0.945108 0.581393 
0.600742 0.599378 
0.00496497 0.501541 
0.27364 0.643974 
0.424004 0.365841 
0.735805 0.142186 
0.291721 0.837516 
0.50735 0.866365 
0.980944 0.206291 
0.897261 0.0193368 
0.425711 0.0740876 
0.459964 0.823982 
0.411451 0.485726 
0.715099 0.090382 
0.853348 0.872928 
0.36575 0.780621 
0.527674 0.286261 
0.301416 0.0819392 
0.773986 0.409392 
0.477478 0.935946 
0.18903 0.0527341 
0.0463848 0.136978 
0.993458 0.721752 
0.534808 0.00519182 
0.298031 0.761665 
0.506038 0.923261 
0.239431 0.0888935 
0.253011 0.185343 
0.792021 0.802058 
0.829855 0.0574871 
0.95517 0.930103 
0.822129 0.553566 
0.935623 0.515456 
0.0784554 0.734816 
0.909653 0.498169 
0.586859 0.12887 
0.292677 0.147899 
0.237689 0.366109 
0.486794 0.25281 
0.4257 0.0164721 
0.349769 0.536082 
0.861271 0.687644 
0.430113 0.276405 
0.828479 0.382122 
0.523337 0.196279 
0.0788182 0.785384 
0.659058 0.0657665 
0.859338 0.0707891 
0.849462 0.783316 
0.040658 0.906004 
0.576711 0.82281 
0.221396 0.295211 
0.00916374 0.600526 
0.480954 0.344239 
0.123978 0.364383 
0.772884 0.677916 
0.936925 0.439654 
0.76411 0.36221 
0.700208 0.669786 
0.465938 0.059092 
0.886263 0.518814 
0.610489 0.984205 
0.78502 0.496849 
0.17437 0.95942 
0.480512 0.639181 
0.767935 0.0288789 
0.555419 0.430508 
0.166499 0.531225 
0.869087 0.00598171 
0.0751271 0.3319 
0.555399 0.271932 
0.32153 0.135971 
0.680262 0.257262 
0.143261 0.96191 
0.117638 0.186035 
0.00405249 0.692382 
0.139098 0.841634 
0.908349 0.452185 
0.0659836 0.874477 
0.816168 0.461523 
0.565004 0.400886 
0.0934897 0.398976 
0.426983 0.907296 
0.579011 0.733704 
0.75578 0.327776 
0.353911 0.106331 
0.0239179 0.743128 
0.740696 0.628863 
0.00981588 0.0877873 
0.622545 0.788321 
0.330284 0.796598 
0.512011 0.225421 
0.495236 0.43421 
0.415992 0.304214 
0.570103 0.862923 
0.107656 0.464764 
0.616647 0.953527 
0.8649 0.574132 
0.16159 0.818526 
0.396187 0.773812 
0.100094 0.808258 
0.10213 0.159012 
0.64886 0.642797 
0.882707 0.0484382 
0.942812 0.0571041 
0.600522 0.75622 
0.726566 0.271494 
0.137582 0.0423338 
0.291948 0.0300561 
0.113271 0.953309 
0.162017 0.305501 
0.392083 0.363422 
0.168148 0.14213 
0.852614 0.181628 
0.53442 0.395016 
0.307287 0.864582 
0.594968 0.159912 
0.339663 0.0785293 
0.0963991 0.867435 
0.0464267 0.456477 
0.80023 0.637459 
0.0475809 0.785631 
0.892051 0.826186 
0.51533 0.0296691 
0.924157 0.650641 
0.639432 0.402702 
0.543837 0.0487135 
0.0216792 0.252635 
0.585601 0.217246 
0.819093 0.196554 
0.379998 0.123541 
0.503861 0.000550787 
0.2539 0.668086 
0.24576 0.623323 
0.193639 0.650907 
0.0614743 0.994549 
0.621643 0.0134136 
0.652361 0.779276 
0.362915 0.631665 
0.212578 0.78981 
0.376871 0.994993 
0.539003 0.860422 
0.948771 0.802162 
0.709194 0.72784 
0.974032 0.366957 
0.357844 0.662397 
0.138684 0.461887 
0.944152 0.67906 
0.815942 0.492728 
0.499638 0.403394 
0.405958 0.049841 
0.818901 0.289513 
0.745976 0.693659 
0.451974 0.392138 
0.964872 0.337156 
0.918153 0.414741 
0.554579 0.116089 
0.73505 0.051202 
0.450933 0.239878 
0.661397 0.746554 
0.365632 0.965832 
0.0856386 0.185448 
0.670972 0.982675 
0.906222 0.902994 
0.293853 0.116711 
0.257634 0.981853 
0.994275 0.752964 
0.24496 0.511308 
0.0678943 0.646239 
0.36213 0.241052 
0.371173 0.690548 
0.239684 0.480177 
0.109556 0.731883 
0.691551 0.617378 
0.147811 0.269423 
0.363987 0.378767 
0.196388 0.0216069 
0.69176 0.753708 
0.796502 0.247365 
0.51069 0.167667 
0.305961 0.459818 
0.262394 0.558319 
0.352839 0.846537 
0.506733 0.723464 
0.540827 0.492865 
0.196439 0.937341 
0.132229 0.296401 
0.767255 0.187959 
0.35107 0.938199 
0.720843 0.401827 
0.144929 0.688942 
0.123499 0.986056 
0.461764 0.763764 
0.712009 0.443758 
0.599357 0.0704543 
0.670639 0.28697 
0.447669 0.150238 
0.819218 0.722259 
0.71195 0.640924 
0.113354 0.605459 
0.9103 0.735661 
0.0734859 0.904775 
0.00628245 0.963855 
0.738105 0.0197048 
0.769371 0.231937 
0.198443 0.223791 
0.873422 0.621553 
0.589252 0.420438 
0.972233 0.551872 
0.275546 0.269608 
0.960401 0.460192 
0.0161781 0.406113 
0.942554 0.268486 
0.737482 0.51233 
0.28489 0.326009 
0.285748 0.23671 
0.0261639 0.524568 
0.631674 0.755983 
0.337088 0.332355 
0.983953 0.942093 
0.168647 0.851746 
0.297733 0.489829 
0.336428 0.258736 
0.869563 0.924542 
0.0355115 0.0372201 
0.512107 0.343284 
0.548088 0.177178 
0.51049 0.692583 
0.940325 0.622605 
0.887664 0.704287 
0.681457 0.195144 
0.628594 0.342899 
0.53965 0.681744 
0.271605 0.861396 
0.141181 0.549869 
0.873521 0.273302 
0.636941 0.0420307 
0.311768 0.695959 
0.629922 0.0770773 
0.0341972 0.373749 
0.559212 0.525073 
0.379368 0.924971 
0.490441 0.0803793 
0.152826 0.40846 
0.618394 0.526995 
0.90334 0.35541 
0.196149 0.545554 
0.972273 0.277878 
0.294451 0.206754 
0.108524 0.128518 
0.285199 0.579502 
0.277332 0.444545 
0.736531 0.662408 
0.396601 0.961645 
0.235821 0.00418376 
0.458263 0.662176 
0.965883 0.604687 
0.847143 0.599781 
0.917407 0.963923 
0.65238 0.00778927 
0.0634057 0.236967 
0.428648 0.813299 
0.702494 0.931435 
0.0264145 0.343573 
0.925317 0.780485 
0.119433 0.0169744 
0.448758 0.330574 
0.0653247 0.0281287 
0.799409 0.694316 
0.46065 0.0899194 
0.825613 0.236107 
0.940936 0.150551 
0.90426 0.626552 
0.452832 0.208481 
0.331819 0.632704 
0.411085 0.126812 
0.540381 0.974416 
0.896827 0.294027 
0.372597 0.514973 
0.545611 0.920405 
0.110302 0.554147 
0.673036 0.921142 
0.390279 0.861222 
0.0368898 0.975317 
0.121816 0.923302 
0.0969169 0.0389293 
0.322412 0.192924 
0.22763 0.938721 
0.558796 0.948858 
0.785232 0.465641 
0.564066 0.150288 
0.995715 0.531327 
0.830581 0.693211 
0.574674 0.908991 
0.161937 0.172679 
0.327393 0.669 
0.124398 0.0705922 
0.372658 0.0779771 
0.917583 0.695433 
0.861798 0.244396 
0.43788 0.0452776 
0.514959 0.0609514 
0.803439 0.143661 
0.187339 0.90748 
0.419961 0.745397 
0.212817 0.105509 
0.680723 0.316517 
0.528116 0.525608 
0.327628 0.298397 
0.00346163 0.9949 
0.606798 0.365193 
0.656243 0.466262 
0.00328144 0.377733 
0.478044 0.489719 
0.658789 0.17363 
0.432979 0.104502 
0.193322 0.682478 
0.0547741 0.755202 
0.306157 0.615082 
0.386468 0.466463 
0.624304 0.278063 
0.900554 0.23725 
0.433607 0.507541 
0.926332 0.879163 
0.598982 0.450019 
0.417961 0.3353 
0.584847 0.966315 
0.352657 0.13866 
0.335031 0.433137 
0.0650361 0.485044 
0.798064 0.369412 
0.427404 0.653719 
0.811872 0.0268627 
0.129917 0.429567 
0.801381 0.112523 
0.937152 0.719749 
0.776164 0.715106 
0.269212 0.815877 
0.566487 0.991623 
0.950922 0.89888 
0.0984382 0.761076 
0.281521 0.703548 
0.131172 0.811419 
0.766317 0.156752 
0.0111445 0.0566502 
0.41673 0.877792 
0.257472 0.420399 
0.0458613 0.841865 
0.178719 0.763544 
0.427799 0.963549 
0.309851 0.940555 
0.584039 0.0977206 
0.696084 0.471195 
0.937509 0.750963 
0.415847 0.454937 
0.590992 0.935659 
0.893695 0.190835 
0.138211 0.719442 
0.206545 0.379636 
0.379076 0.546458 
0.623727 0.661176 
0.899555 0.669909 
0.00588745 0.859772 
0.0933167 0.101316 
0.924026 0.928594 
0.249092 0.839753 
0.0869552 0.216573 
0.996209 0.179129 
0.576346 0.371875 
0.245933 0.0568892 
0.89141 0.0783874 
0.489157 0.111635 
0.10559 0.245716 
0.947848 0.99171 
0.0990639 0.433922 
0.38218 0.607234 
0.447746 0.881372 
0.46061 0.269788 
0.230543 0.399485 
0.392796 0.66816 
0.120226 0.669852 
0.764407 0.750374 
0.395744 0.709689 
0.322715 0.104773 
0.358046 0.810872 
0.375423 0.430069 
0.660599 0.613955 
0.72454 0.483942 
0.922364 0.818786 
0.67982 0.646235 
0.331002 0.731932 
0.749649 0.389859 
0.840294 0.0969407 
0.76791 0.0600881 
0.288346 0.401971 
0.790418 0.208881 
0.560927 0.0224062 
0.527575 0.945907 
0.530548 0.0880746 
0.745448 0.211046 
0.678847 0.720724 
0.556875 0.461609 
0.40951 0.933186 
0.71382 0.777885 
0.618341 0.698072 
0.000213751 0.026662 
0.490429 0.569069 
0.956472 0.415349 
0.794272 0.52664 
0.995258 0.344122 
0.918344 0.211646 
0.585403 0.508299 
0.360707 0.312045 
0.706711 0.84877 
0.643369 0.371105 
0.316853 0.234459 
0.0599075 0.391359 
0.180087 0.36321 
0.00458345 0.226588 
0.0326265 0.109017 
0.519546 0.895109 
0.255834 0.245468 
0.646733 0.944985 
0.24695 0.698497 
0.062345 0.16476 
0.910465 0.568711 
0.712746 0.998894 
0.877271 0.4494 
0.566172 0.705346 
0.257504 0.340859 
0.838114 0.264698 
0.307346 0.519415 
0.0623066 0.360292 
0.427311 0.775699 
0.388844 0.743516 
0.159452 0.928114 
0.35729 0.0193431 
0.62886 0.164606 
0.857529 0.393505 
0.682329 0.872845 
0.552764 0.631887 
0.916858 0.995093 
0.809839 0.830064 
0.454787 0.361125 
0.644288 0.504374 
0.703343 0.151399 
0.543226 0.362857 
0.236345 0.883167 
0.0490533 0.267512 
0.500225 0.663218 
0.815221 0.988949 
0.855357 0.514551 
0.812387 0.902482 
0.231452 0.162809 
0.604581 0.0396191 
0.322953 0.912199 
0.590428 0.0117354 
0.577782 0.186982 
0.357008 0.455142 
0.68442 0.084446 
0.98217 0.880053 
0.615893 0.729126 
0.331805 0.962785 
0.638685 0.814971 
0.842415 0.323916 
0.410147 0.546225 
0.190077 0.0839139 
0.450471 0.734741 
0.786512 0.919894 
0.0112303 0.891403 
0.275108 0.612846 
0.0894559 0.00838255 
0.971225 0.241431 
0.587761 0.302398 
0.652754 0.862954 
0.36423 0.34764 
0.679087 0.445059 
0.56893 0.341588 
0.778494 0.88976 
0.895679 0.941568 
0.407849 0.990811 
0.886351 0.381573 
0.0656931 0.963374 
0.501166 0.778092 
0.22409 0.677273 
0.541363 0.23617 
0.614058 0.496165 
0.73975 0.173168 
0.725985 0.910909 
0.244779 0.274607 
0.190645 0.44201 
0.210039 0.489777 
0.533992 0.781358 
0.443487 0.85046 
0.968506 0.125537 
0.168003 0.882965 
0.0770912 0.842874 
0.0932321 0.0701522 
0.979292 0.0962962 
0.941065 0.550446 
0.258209 0.305478 
0.039611 0.0786436 
0.406174 0.425365 
0.878013 0.132427 
0.430352 0.56983 
0.834071 0.810444 
0.919541 0.599309 
0.416731 0.396096 
0.152315 0.377314 
0.301127 0.80775 
0.917479 0.383558 
0.795032 0.173721 
0.224882 0.241792 
0.907566 0.122468 
0.709204 0.245536 
0.0947496 0.494478 
0.693975 0.417658 
0.812638 0.666075 
0.607303 0.815765 
0.535905 0.712635 
0.458966 0.961123 
0.353434 0.408052 
0.65828 0.893646 
0.169806 0.562214 
0.356572 0.750802 
0.451596 0.627767 
0.108047 0.276771 
0.804253 0.401795 
0.0788319 0.138325 
0.40997 0.593299 
0.609002 0.188758 
0.778661 0.83024 
0.729869 0.751165 
0.677077 0.523327 
0.156652 0.48734 
0.533029 0.607858 
0.0709383 0.420504 
0.0311955 0.164193 
0.342549 0.216761 
0.0911631 0.930858 
0.616808 0.219018 
0.392276 0.233019 
0.336307 0.508058 
0.550266 0.889518 
0.719421 0.603456 
0.648362 0.535433 
0.853732 0.752421 
0.583082 0.624983 
0.0331475 0.813333 
0.0647774 0.813737 
0.480934 0.222124 
0.0355384 0.223042 
0.765894 0.298023 
0.0350026 0.696545 
0.28293 0.000157261 
0.825256 0.165967 
0.704981 0.374962 
0.545541 0.822071 
0.12447 0.395541 
0.890205 0.865971 
0.0775995 0.456519 
0.437216 0.419518 
0.731119 0.574568 
0.459742 0.910216 
0.858196 0.424698 
0.646212 0.716168 
0.175817 0.990589 
0.676213 0.689671 
0.190354 0.292561 
0.703278 0.969148 
0.787874 0.860022 
0.507839 0.480779 
0.13996 0.128829 
0.756704 0.858409 
0.252897 0.920383 
0.636138 0.915623 
0.385972 0.400804 
0.105358 0.33941 
0.474247 0.606468 
0.520197 0.753429 
0.260795 0.150164 
0.283232 0.177646 
0.640547 0.975598 
0.755637 0.48638 
0.353759 0.90708 
0.709778 0.181966 
0.571318 0.24505 
0.816242 0.340901 
0.192259 0.323651 
0.79849 0.435793 
0.649087 0.259072 
0.308974 0.345763 
0.979948 0.911163 
0.048978 0.724481 
0.195864 0.730666 
0.384171 0.263232 
0.181714 0.794635 
0.238714 0.769939 
0.66969 0.811792 
0.659607 0.339485 
0.959704 0.772915 
0.00192265 0.661235 
0.529376 0.652385 
0.865261 0.81021 
0.591474 0.786049 
0.331706 0.477298 
0.221624 0.824895 
0.812254 0.0832714 
0.0863244 0.621056 
0.448446 0.48024 
0.911437 0.266473 
0.775774 0.618091 
0.32261 0.403607 
0.887019 0.412762 
0.0673969 0.294593 
0.479111 0.313135 
0.263748 0.214615 
0.575164 0.0502596 
0.198908 0.878472 
0.704394 0.538322 
0.938359 0.117601 
0.649515 0.309959 
0.827174 0.960109 
0.155394 0.0957403 
0.747348 0.888189 
0.484321 0.033781 
0.0935186 0.97746 
0.400608 0.0955195 
0.717916 0.877877 
0.58985 0.570239 
0.306718 0.376824 
0.358285 0.280969 
0.568486 0.765042 
0.935672 0.326237 
0.954473 0.865695 
0.825195 0.522521 
0.0354125 0.49478 
0.103898 0.897743 
0.267162 0.757075 
0.735125 0.835865 
0.260509 0.726591 
0.966996 0.0374381 
0.0640248 0.0592703 
0.232713 0.211619 
0.141858 0.647361 
0.3439 0.0475752 
0.724531 0.331029 
0.560048 0.0776472 
0.255457 0.588678 
0.241746 0.801013 
0.927943 0.29603 
0.214742 0.520566 
0.163924 0.336587 
0.515059 0.806118 
0.851161 0.148573 
0.704911 0.0608552 
0.767547 0.439927 
0.759709 0.805489 
0.985152 0.403091 
0.510283 0.312149 
0.36688 0.721394 
0.387849 0.32733 
0.794034 0.740657 
0.700176 0.818292 
0.562174 0.556033 
0.976583 0.975443 
0.878481 0.163612 
0.702316 0.292653 
0.439255 0.180347 
0.210682 0.348766 
0.673231 0.492394 
0.76325 0.529911 
0.596752 0.846702 
0.488327 0.897438 
0.785087 0.339106 
0.246281 0.449604 
0.79872 0.0551573 
0.846334 0.453556 
0.134138 0.32749 
0.959725 0.306408 
0.0556224 0.197627 
0.270807 0.0881172 
0.277148 0.0575464 
0.745422 0.112477 
0.672821 0.554718 
0.91377 0.0457832 
0.440992 0.935213 
0.0765501 0.702675 
0.788898 0.00575807 
0.492252 0.192986 
0.0799129 0.542298 
0.290891 0.545825 
0.794926 0.309489 
0.503875 0.597083 
0.00899945 0.922513 
0.153284 0.781675 
0.759858 0.562461 
0.45939 0.121256 
0.845945 0.212437 
0.361586 0.485896 
0.628559 0.883149 
0.413833 0.840759 
0.422446 0.215663 
0.631733 0.602274 
0.0325192 0.00619012 
0.046455 0.319718 
0.485801 0.538346 
0.703729 0.507154 
0.230652 0.735694 
0.124508 0.101761 
0.985264 0.580221 
0.674054 0.585858 
0.674902 0.36668 
0.313141 0.0529987 
0.329011 0.765424 
0.184087 0.47249 
0.930074 0.474582 
0.54873 0.740986 
0.884634 0.54997 
0.561773 0.795451 
0.137882 0.518877 
0.259332 0.0269946 
0.118102 0.217188 
0.228786 0.969921 
0.539687 0.577494 
0.871064 0.102024 
0.789945 0.27788 
0.0178771 0.468994 
0.297425 0.89421 
0.259944 0.389218 
0.987436 0.475744 
0.846661 0.903384 
0.226106 0.59914 
0.489334 0.749289 
0.740359 0.243478 
0.843582 0.630772 
0.224444 0.646081 
0.518169 0.55506 
