0.927255 0.68692 
0.874089 0.523271 
0.864349 0.956688 
0.941698 0.164873 
0.538137 0.322155 
0.646712 0.0920882 
0.670546 0.681212 
0.685519 0.0594269 
0.607064 0.0947615 
0.770883 0.091013 
0.884376 0.902367 
0.244587 0.921366 
0.386052 0.693496 
0.863514 0.558838 
0.311575 0.326798 
0.113509 0.0219911 
0.372307 0.641144 
0.103523 0.875511 
0.0398756 0.934253 
0.0973402 0.959806 
0.488486 0.903252 
0.556369 0.14778 
0.776862 0.548418 
0.567848 0.118852 
0.0250893 0.442668 
0.612515 0.598803 
0.0865691 0.802434 
0.259042 0.686646 
0.58108 0.516426 
0.119426 0.052507 
0.100581 0.993725 
0.821704 0.735229 
0.559828 0.646634 
0.716347 0.63994 
0.521606 0.504088 
0.844652 0.286129 
0.293254 0.944636 
0.350796 0.284986 
0.275574 0.919087 
0.456406 0.431627 
0.903636 0.270321 
0.0861023 0.450703 
0.288967 0.27076 
0.342875 0.465963 
0.593685 0.0666668 
0.268003 0.633426 
0.24851 0.888071 
0.761581 0.918588 
0.996335 0.229414 
0.0231908 0.361693 
0.472618 0.18593 
0.716623 0.0585762 
0.737577 0.728894 
0.137164 0.419162 
0.0428294 0.971187 
0.0809885 0.113398 
0.221057 0.961304 
0.183509 0.225037 
0.290305 0.483919 
0.430326 0.482775 
0.124869 0.852909 
0.150461 0.570164 
0.427898 0.648388 
0.352765 0.171034 
0.0343013 0.546802 
0.330482 0.364797 
0.191981 0.0980643 
0.503365 0.789851 
0.747189 0.305156 
0.634229 0.927692 
0.144711 0.659839 
0.887906 0.243379 
0.412308 0.0659294 
0.0855812 0.739794 
0.0172586 0.253762 
0.522669 0.246646 
0.159374 0.906242 
0.51233 0.339686 
0.746937 0.273932 
0.913156 0.827103 
0.121925 0.590334 
0.0121974 0.920018 
0.134783 0.388075 
0.199354 0.679995 
0.00487389 0.0893147 
0.6829 0.219064 
0.165559 0.393066 
0.652487 0.382888 
0.179056 0.825807 
0.806032 0.134901 
0.0968754 0.533219 
0.14459 0.0221819 
0.983432 0.000199959 
0.284477 0.562802 
0.245763 0.65847 
0.811443 0.642494 
0.880704 0.409828 
0.568571 0.817587 
0.592674 0.0355818 
0.13627 0.0803177 
0.695257 0.563258 
0.201139 0.250683 
0.323884 0.610626 
0.420393 0.512373 
0.126253 0.685147 
0.723232 0.916052 
0.215265 0.991825 
0.330548 0.126997 
0.703914 0.341758 
0.115355 0.759351 
0.0370135 0.183548 
0.834415 0.243884 
0.408744 0.960544 
0.828421 0.182238 
0.736907 0.862666 
0.837402 0.0708036 
0.555143 0.582311 
0.210832 0.931964 
0.113017 0.473183 
0.628756 0.0386171 
0.937357 0.716379 
0.865974 0.0832012 
0.208528 0.873438 
0.975512 0.52643 
0.894142 0.552947 
0.361112 0.527 
0.892556 0.344419 
0.227689 0.414458 
0.128488 0.731147 
0.98762 0.700437 
0.0109714 0.332997 
0.22277 0.561821 
0.221802 0.181001 
0.105434 0.401583 
0.0981947 0.220123 
0.479221 0.934539 
0.989671 0.587716 
0.954101 0.266051 
0.779755 0.478257 
0.357838 0.100582 
0.473449 0.544604 
0.556142 0.686528 
0.80077 0.239304 
0.973733 0.350427 
0.331259 0.73778 
0.582468 0.00247958 
0.131413 0.989786 
0.427829 0.54269 
0.438588 0.398032 
0.231837 0.742983 
0.0447722 0.384209 
0.872492 0.833024 
0.740977 0.540378 
0.938379 0.00603302 
0.161391 0.200025 
0.11772 0.559443 
0.445101 0.171424 
0.786168 0.660709 
0.0897058 0.361551 
0.176325 0.28999 
0.818526 0.943532 
0.501973 0.714797 
0.171095 0.259191 
0.981409 0.883071 
0.52858 0.133751 
0.741627 0.160605 
0.80645 0.0741519 
0.624894 0.868388 
0.93572 0.601843 
0.706387 0.452559 
0.52926 0.551647 
0.205381 0.15459 
0.8372 0.13476 
0.480292 0.352583 
0.487265 0.0348819 
0.541011 0.832034 
0.0681466 0.0578264 
0.982475 0.40258 
0.522089 0.889731 
0.775534 0.21905 
0.90901 0.883372 
0.0624681 0.0884074 
0.512407 0.304517 
0.143941 0.477217 
0.44466 0.96098 
0.392967 0.732548 
0.95822 0.690192 
0.155423 0.847173 
0.197702 0.405872 
0.153917 0.506767 
0.911651 0.917347 
0.950902 0.787608 
0.793951 0.721146 
0.904391 0.301516 
0.77658 0.631052 
0.898156 0.375128 
0.58146 0.760977 
0.116092 0.44215 
0.422325 0.679061 
0.45847 0.911379 
0.698031 0.254873 
0.71203 0.399745 
0.0164398 0.954712 
0.509232 0.926422 
0.014611 0.684917 
0.358552 0.140484 
0.797958 0.452877 
0.644009 0.451508 
0.0288442 0.764251 
0.363447 0.313482 
0.29225 0.16976 
0.275756 0.777614 
0.724008 0.368177 
0.757035 0.67174 
0.307483 0.868204 
0.781263 0.794324 
0.322657 0.16327 
0.982415 0.320461 
0.976792 0.761119 
0.0118603 0.855976 
0.525194 0.735559 
0.0955845 0.0724526 
0.362844 0.874421 
0.202166 0.538405 
0.331988 0.0122421 
0.520169 0.215603 
0.552713 0.254901 
0.685739 0.791144 
0.645794 0.700369 
0.936491 0.0751563 
0.767481 0.737518 
0.211306 0.441001 
0.901504 0.433105 
0.297226 0.104965 
0.120854 0.360181 
0.966231 0.608269 
0.5912 0.372804 
0.800036 0.974902 
0.400227 0.00521356 
0.116881 0.930334 
0.350809 0.930772 
0.258052 0.243277 
0.729364 0.428305 
0.293202 0.301611 
0.401871 0.631195 
0.812172 0.679189 
0.0136344 0.644812 
0.62527 0.0695329 
0.301918 0.0200477 
0.844752 0.533907 
0.793721 0.362633 
0.916173 0.190679 
0.835047 0.2127 
0.28032 0.888372 
0.347998 0.434617 
0.573266 0.3991 
0.549184 0.20429 
0.906795 0.710382 
0.905279 0.0752183 
0.147931 0.87734 
0.0687427 0.918632 
0.867698 0.492728 
0.658251 0.642881 
0.815053 0.268366 
0.514325 0.445761 
0.748851 0.190937 
0.858119 0.191716 
0.0219398 0.0482115 
0.599562 0.280721 
0.578806 0.914363 
0.209428 0.590005 
0.485225 0.00230985 
0.0225808 0.114906 
0.739644 0.0868002 
0.0273461 0.302735 
0.0668869 0.949665 
0.97079 0.141526 
0.392097 0.794101 
0.375309 0.609526 
0.00290602 0.173174 
0.638589 0.761456 
0.676867 0.970621 
0.89522 0.973318 
0.292971 0.614739 
0.811204 0.481315 
0.038334 0.872297 
0.160255 0.632849 
0.405679 0.600227 
0.244959 0.00765547 
0.388582 0.0860006 
0.801934 0.165798 
0.00752113 0.529087 
0.554856 0.615849 
0.965181 0.428558 
0.0463897 0.608575 
0.46743 0.115868 
0.667984 0.246456 
0.252104 0.718048 
0.725451 0.947065 
0.744014 0.892933 
0.239715 0.597423 
0.44067 0.59765 
0.650446 0.954217 
0.805952 0.887556 
0.827428 0.345941 
0.150509 0.0526939 
0.50305 0.534682 
0.641735 0.669324 
0.477799 0.772082 
0.386376 0.854075 
0.783674 0.69175 
0.507311 0.273755 
0.159359 0.735082 
0.00625966 0.823349 
0.812187 0.790999 
0.550315 0.717145 
0.945406 0.631468 
0.306995 0.584396 
0.976034 0.557613 
0.196153 0.0672746 
0.602643 0.409699 
0.785528 0.304017 
0.0154909 0.986634 
0.248014 0.976741 
0.0376424 0.152415 
0.399265 0.91576 
0.637003 0.839746 
0.769966 0.82868 
0.636655 0.982081 
0.654417 0.0586559 
0.673595 0.334279 
0.0590095 0.788015 
0.502943 0.820976 
0.799514 0.331934 
0.515287 0.849542 
0.793005 0.422032 
0.524444 0.622801 
0.473236 0.702735 
0.934648 0.291345 
0.305208 0.790184 
0.949416 0.573845 
0.0668934 0.173617 
0.389191 0.51337 
0.754557 0.702793 
0.958166 0.981973 
0.72223 0.578953 
0.496216 0.746979 
0.914173 0.948484 
0.315469 0.710931 
0.281033 0.333059 
0.178106 0.169514 
0.66866 0.891724 
0.598433 0.124658 
0.293622 0.200821 
0.250127 0.337163 
0.589395 0.881544 
0.718291 0.184778 
0.937562 0.133993 
0.44816 0.757368 
0.925948 0.655796 
0.68673 0.630194 
0.0480856 0.244801 
0.944468 0.52945 
0.570941 0.0878948 
0.524205 0.766707 
0.675228 0.450225 
0.747656 0.0563139 
0.539111 0.426717 
0.632328 0.622907 
0.909732 0.741362 
0.710193 0.535218 
0.462109 0.492999 
0.56155 0.0579604 
0.507201 0.6488 
0.379861 0.0561804 
0.370555 0.0229094 
0.342894 0.696163 
0.993326 0.0604201 
0.734746 0.336776 
0.049998 0.0325746 
0.641707 0.587756 
0.264972 0.212946 
0.693859 0.128498 
0.327088 0.0961194 
0.182497 0.452953 
0.211769 0.766776 
0.653036 0.172011 
0.0981607 0.280077 
0.421429 0.304187 
0.252752 0.037725 
0.149405 0.157534 
0.376777 0.233923 
0.609424 0.908951 
0.0795861 0.144824 
0.239198 0.114776 
0.0367213 0.515717 
0.905288 0.523817 
0.285965 0.410955 
0.910926 0.159953 
0.242047 0.491937 
0.909963 0.463154 
0.654782 0.788037 
0.208008 0.839101 
0.143243 0.818571 
0.536096 0.176043 
0.191617 0.317128 
0.62873 0.117501 
0.132359 0.183548 
0.206266 0.2814 
0.768134 0.859967 
0.638983 0.231189 
0.752017 0.00683185 
0.340347 0.895872 
0.540688 0.97317 
0.658297 0.862407 
0.927342 0.250039 
0.894222 0.212835 
0.252721 0.18435 
0.557125 0.892078 
0.264567 0.155608 
0.685906 0.305586 
0.679984 0.156381 
0.891217 0.80506 
0.799389 0.104473 
0.336701 0.857586 
0.044131 0.694803 
0.151362 0.446928 
0.437397 0.0475851 
0.112184 0.820062 
0.556164 0.782784 
0.408237 0.405293 
0.583867 0.253766 
0.0745181 0.595159 
0.129407 0.958774 
0.369673 0.4114 
0.183558 0.572599 
0.83496 0.571384 
0.686605 0.187468 
0.896185 0.646563 
0.150612 0.936057 
0.222124 0.323459 
0.612833 0.0118977 
0.95981 0.659085 
0.876036 0.317934 
0.242397 0.772249 
0.719839 0.111323 
0.048037 0.727814 
0.93838 0.893621 
0.365848 0.717224 
0.41919 0.154233 
0.828606 0.446856 
0.349199 0.591445 
0.372441 0.455949 
0.622577 0.520652 
0.307522 0.645038 
0.906794 0.129069 
0.984266 0.258143 
0.744467 0.221807 
0.661895 0.420144 
0.581317 0.599314 
0.0221988 0.588935 
0.813842 0.529648 
0.45959 0.0207294 
0.482179 0.844187 
0.253548 0.566896 
0.557459 0.346645 
0.981022 0.851942 
0.420326 0.228303 
0.668056 0.731692 
0.177802 0.868744 
0.664397 0.479703 
0.560114 0.546877 
0.742983 0.395409 
0.0764156 0.257765 
0.290192 0.842368 
0.841943 0.475095 
0.536943 0.284645 
0.861312 0.259707 
0.336935 0.0429126 
0.223881 0.0532537 
0.804359 0.207144 
0.707892 0.972731 
0.616787 0.466831 
0.616717 0.353776 
0.988641 0.498139 
0.542488 0.864642 
0.0127909 0.790892 
0.670423 0.824523 
0.85976 0.773384 
0.38889 0.57392 
0.140752 0.538431 
0.929357 0.218927 
0.856009 0.688804 
0.325749 0.960581 
0.961095 0.232321 
0.319817 0.928521 
0.308972 0.543478 
0.549864 0.51738 
0.490444 0.506118 
0.128803 0.21447 
0.526205 0.695197 
0.942579 0.40704 
0.149874 0.705432 
0.957899 0.492849 
0.699686 0.0245681 
0.885046 0.933469 
0.843475 0.844212 
0.796435 0.758077 
0.302239 0.139826 
0.723643 0.789343 
0.756931 0.35876 
0.604185 0.495409 
0.481956 0.628079 
0.387198 0.382258 
0.925307 0.554062 
0.0866417 0.771327 
0.346432 0.254047 
0.45098 0.2083 
0.00213808 0.463811 
0.153527 0.233379 
0.113729 0.656641 
0.615664 0.782503 
0.64366 0.265982 
0.878086 0.616031 
0.625045 0.201526 
0.451532 0.522372 
0.35206 0.0700489 
0.570176 0.430178 
0.106602 0.2501 
0.455257 0.33397 
0.686486 0.593195 
0.585609 0.468726 
0.6615 0.611874 
0.49457 0.872752 
0.851888 0.632956 
0.308743 0.759272 
0.455493 0.0871539 
0.784159 0.272822 
0.0188033 0.490186 
0.877246 0.461387 
0.850767 0.928706 
0.00558929 0.743585 
0.146217 0.76328 
0.814237 0.0362268 
0.772693 0.385737 
0.833815 0.873763 
0.0504753 0.574252 
0.893052 0.856358 
0.582275 0.668283 
0.0420295 0.330241 
0.779876 0.187836 
0.713602 0.886489 
0.612501 0.646982 
0.0951741 0.683266 
0.628203 0.293077 
0.535245 0.0409033 
0.647886 0.351998 
0.572766 0.224635 
0.0119912 0.888895 
0.943847 0.832132 
0.0717444 0.47839 
0.469363 0.403232 
0.61184 0.67814 
0.49184 0.381577 
0.9092 0.618249 
0.616464 0.567851 
0.23464 0.85657 
0.653715 0.518296 
0.614096 0.709208 
0.513058 0.987415 
0.821739 0.997185 
0.17935 0.0411366 
0.264441 0.0966554 
0.497305 0.475641 
0.231154 0.258936 
0.0424355 0.275453 
0.102907 0.713426 
0.664168 0.566075 
0.366635 0.198863 
0.864474 0.868606 
0.52848 0.473626 
0.693768 0.943593 
0.364193 0.671258 
0.894826 0.679592 
0.206781 0.621803 
0.584543 0.699361 
0.418646 0.769252 
0.0678347 0.513623 
0.961386 0.379306 
0.503568 0.189254 
0.452587 0.302888 
0.0193745 0.715677 
0.682269 0.364273 
0.0125232 0.202801 
0.0657937 0.857364 
0.756537 0.949272 
0.184543 0.512671 
0.864612 0.222637 
0.358346 0.960918 
0.703528 0.765615 
0.190324 0.374131 
0.101779 0.332759 
0.174567 0.483119 
0.160461 0.316796 
0.29018 0.734278 
0.880825 0.055824 
0.600282 0.849383 
0.860122 0.804491 
0.220057 0.902294 
0.716344 0.280137 
0.924146 0.856196 
0.824014 0.912864 
0.150251 0.603333 
0.98718 0.938536 
0.605563 0.981661 
0.866955 0.373902 
0.679002 0.536618 
0.253635 0.434269 
0.42257 0.800421 
0.850857 0.400658 
0.2064 0.477217 
0.588319 0.154095 
0.970529 0.912239 
0.521376 0.400979 
0.00494009 0.614885 
0.567213 0.176983 
0.453497 0.678618 
0.942533 0.34991 
0.793068 0.915857 
0.425295 0.986848 
0.413183 0.708852 
0.265392 0.861111 
0.341481 0.335609 
0.0334857 0.0770998 
0.404607 0.255184 
0.219913 0.383986 
0.428186 0.904311 
0.764801 0.248349 
0.879686 0.0162514 
0.9903 0.665451 
0.0498869 0.00148049 
0.19452 0.19593 
0.486473 0.0897863 
0.769572 0.981152 
0.460067 0.268659 
0.672741 0.277295 
0.52393 0.582409 
0.383407 0.942516 
0.826315 0.615099 
0.0230126 0.017121 
0.398566 0.353205 
0.561273 0.488307 
0.835886 0.969405 
0.260263 0.94819 
0.311985 0.461464 
0.181226 0.941391 
0.167313 0.0788355 
0.971281 0.459165 
0.107319 0.129958 
0.283107 0.812083 
0.0725831 0.980226 
0.0590759 0.756902 
0.123279 0.512603 
0.656178 0.203021 
0.95858 0.95084 
0.854435 0.160749 
0.80005 0.819895 
0.287496 0.442117 
0.396157 0.208688 
0.333379 0.666492 
0.472252 0.154822 
0.852025 0.597475 
0.904256 0.0353421 
0.672565 0.762498 
0.178316 0.345327 
0.360606 0.828071 
0.414713 0.123467 
0.875764 0.712863 
0.466633 0.0581309 
0.635516 0.49204 
0.911265 0.403457 
0.735196 0.464627 
0.421424 0.873957 
0.979495 0.203199 
0.534198 0.664397 
0.132964 0.331464 
0.194909 0.798164 
0.696503 0.663979 
0.0589505 0.356431 
0.464524 0.880854 
0.189298 0.897852 
0.234374 0.29481 
0.911617 0.582081 
0.481525 0.291265 
0.138384 0.12845 
0.876908 0.286737 
0.989111 0.969601 
0.880572 0.584937 
0.225702 0.220056 
0.48314 0.447797 
0.0379444 0.664293 
0.262675 0.307861 
0.315302 0.254143 
0.675831 0.103102 
0.38368 0.978912 
0.330504 0.520884 
0.278894 0.662637 
0.126108 0.790358 
0.425215 0.0942051 
0.963693 0.0242574 
0.75037 0.605885 
0.246781 0.36816 
0.778507 0.0604246 
0.959658 0.112055 
0.111525 0.0991485 
0.384347 0.116796 
0.513678 0.0184946 
0.151989 0.362055 
0.0562752 0.441556 
0.832991 0.505006 
0.721526 0.00068006 
0.316993 0.066734 
0.568398 0.281854 
0.79159 0.00483959 
0.468148 0.733483 
0.319617 0.285011 
0.531179 0.0717377 
0.58454 0.944922 
0.338165 0.769425 
0.613299 0.172678 
0.806404 0.853429 
0.171458 0.543864 
0.682227 0.505557 
0.745036 0.129623 
0.367228 0.353473 
0.751469 0.803248 
0.315803 0.222625 
0.494467 0.569146 
0.254005 0.801105 
0.288716 0.237947 
0.5787 0.729966 
0.191729 0.971549 
0.701804 0.0859369 
0.276386 0.377976 
0.47396 0.809647 
0.710954 0.845535 
0.161796 0.996304 
0.0691567 0.291498 
0.0868749 0.640865 
0.392217 0.884633 
0.669329 0.0313517 
0.305077 0.679535 
0.678633 0.00167323 
0.396628 0.543688 
0.687471 0.707354 
0.323531 0.490462 
0.23475 0.461582 
0.215335 0.651773 
0.588178 0.341117 
0.796249 0.606872 
0.475433 0.965391 
0.36193 0.558203 
0.960592 0.0552372 
0.571783 0.973279 
0.393294 0.322481 
0.0398919 0.415013 
0.981497 0.6355 
0.223001 0.0862 
0.823661 0.416021 
0.860291 0.113824 
0.500403 0.602919 
0.932531 0.436589 
0.161305 0.965236 
0.994396 0.0293275 
0.941932 0.924542 
0.688968 0.867522 
0.76709 0.329217 
0.421277 0.573203 
0.630808 0.423197 
0.868133 0.660118 
0.711078 0.154451 
0.145187 0.289194 
0.981704 0.791929 
0.275723 0.00335158 
0.681068 0.395484 
0.184199 0.652778 
0.355426 0.99185 
0.0975287 0.90601 
0.890328 0.102616 
0.308227 0.988068 
0.730212 0.0305451 
0.927364 0.976802 
0.654897 0.309237 
0.53896 0.917312 
0.00342988 0.282734 
0.454295 0.462774 
0.0946233 0.845719 
0.0654099 0.544712 
0.541315 0.00425377 
0.85858 0.343822 
0.309444 0.899224 
0.551656 0.751973 
0.614818 0.951977 
0.763994 0.768445 
0.659972 0.131126 
0.172027 0.423573 
0.00813518 0.142484 
0.553451 0.944821 
0.423464 0.193781 
0.831107 0.815679 
0.97762 0.729921 
0.0371928 0.810179 
0.307196 0.388099 
0.136345 0.259335 
0.455959 0.372106 
0.747439 0.642103 
0.270591 0.593017 
0.627692 0.324547 
0.716589 0.311364 
0.803221 0.392395 
0.816436 0.299549 
0.842154 0.317261 
0.718466 0.704323 
0.163131 0.109638 
0.212662 0.718468 
0.0805411 0.0199805 
0.929989 0.378482 
0.739086 0.975008 
0.041923 0.469249 
0.586272 0.630107 
0.388818 0.147566 
0.493787 0.13237 
0.100255 0.612724 
0.190103 0.739907 
0.158891 0.791692 
0.265458 0.538048 
0.346918 0.222935 
0.07554 0.389326 
0.919571 0.32878 
0.971764 0.173015 
0.692444 0.911745 
0.505439 0.957277 
0.451906 0.567199 
0.111105 0.160829 
0.775816 0.124827 
0.0134068 0.398529 
0.394992 0.663168 
0.369708 0.906089 
0.852262 0.0434442 
0.848798 0.0125262 
0.928014 0.766534 
0.54258 0.100682 
0.58296 0.568144 
0.950232 0.744724 
0.330715 0.194268 
0.428657 0.0177586 
0.228284 0.691526 
0.599162 0.31191 
0.217828 0.0227849 
0.25395 0.832199 
0.665306 0.926908 
0.319417 0.831732 
0.452122 0.852313 
0.424832 0.37002 
0.725971 0.674087 
0.990419 0.116885 
0.644937 0.0120582 
0.117879 0.304199 
0.0710787 0.204825 
0.973273 0.290645 
0.63695 0.730374 
0.20945 0.123767 
0.396906 0.177596 
0.949418 0.195061 
0.97285 0.0838496 
0.485023 0.216174 
0.853613 0.897742 
0.50147 0.0625418 
0.234648 0.532938 
0.361206 0.790341 
0.631865 0.809073 
0.269352 0.507072 
0.567974 0.313037 
0.486095 0.248846 
0.602164 0.818329 
0.444014 0.713694 
0.940975 0.466631 
0.425193 0.4315 
0.632765 0.148369 
0.76438 0.519722 
0.805978 0.559837 
0.235137 0.145595 
0.423595 0.738222 
0.93533 0.0370601 
0.450771 0.627174 
0.429386 0.274067 
0.607734 0.743016 
0.728611 0.248679 
0.76181 0.420346 
0.830425 0.377029 
0.921277 0.79708 
0.763563 0.451542 
0.639567 0.546848 
0.877534 0.139798 
0.410224 0.458889 
0.375299 0.265706 
0.994434 0.373767 
0.829461 0.705085 
0.787504 0.946445 
0.512185 0.107289 
0.950538 0.319016 
0.77501 0.890548 
0.830961 0.101811 
0.486606 0.322033 
0.713897 0.215651 
0.274354 0.126102 
0.599479 0.541661 
0.393257 0.432683 
0.637957 0.896606 
0.445901 0.138308 
0.00693867 0.561748 
0.704568 0.483738 
0.087424 0.566783 
0.333702 0.404559 
0.615049 0.253585 
0.256163 0.401721 
0.92647 0.104759 
0.705855 0.814862 
0.496114 0.419373 
0.569188 0.848686 
0.471295 0.591662 
0.0417379 0.90321 
0.953511 0.866447 
0.0414438 0.214371 
0.0978793 0.189002 
0.781626 0.579336 
0.188859 0.0115604 
0.258066 0.274602 
0.333169 0.803825 
0.356004 0.382739 
0.300168 0.513532 
0.279574 0.972528 
0.285215 0.70353 
0.0552879 0.638427 
0.3878 0.763265 
0.178383 0.137634 
0.996335 0.430544 
0.283021 0.0447023 
0.585957 0.791774 
0.973195 0.821843 
0.0690154 0.666379 
0.551029 0.377192 
0.599556 0.440779 
0.555318 0.457648 
0.181414 0.603695 
0.886944 0.17985 
0.792735 0.506661 
0.713445 0.60889 
0.705694 0.733689 
0.0722195 0.708216 
0.897991 0.774692 
0.316494 0.430586 
0.852796 0.733877 
0.858863 0.434257 
0.928318 0.502766 
0.867468 0.987641 
0.0723639 0.887755 
0.168212 0.680278 
0.265818 0.464565 
0.62131 0.384664 
0.393057 0.291308 
0.603932 0.224452 
0.82972 0.7653 
0.128473 0.628103 
0.497469 0.683133 
0.592195 0.195594 
0.0392273 0.84121 
0.0520664 0.124845 
0.72473 0.507587 
0.520716 0.369736 
0.262472 0.748475 
0.0722854 0.322551 
0.422444 0.842857 
0.0791056 0.420309 
0.907449 0.00204894 
0.424087 0.335264 
0.389409 0.482154 
0.403576 0.0361049 
0.477728 0.658988 
0.51015 0.158839 
0.341484 0.636378 
0.42701 0.935386 
0.772417 0.155804 
0.250817 0.0687306 
0.128271 0.901415 
0.237224 0.628493 
0.360691 0.747946 
0.836979 0.660341 
0.562885 0.0266442 
0.773004 0.0297913 
0.18218 0.708993 
0.898909 0.492343 
0.738766 0.83163 
0.449414 0.239383 
0.692836 0.424417 
0.751394 0.491324 
0.751989 0.569585 
0.300104 0.357721 
0.213647 0.353453 
0.397073 0.824842 
0.531903 0.80228 
0.879701 0.749508 
0.7341 0.759826 
0.331492 0.565078 
0.21546 0.508307 
0.445273 0.821708 
0.0665237 0.826248 
0.0952938 0.498843 
0.287186 0.0754883 
0.456232 0.989831 
0.180783 0.769588 
0.223867 0.811465 
0.45126 0.788348 
0.359077 0.494369 
