0.933884 0.428541 
0.275458 0.97148 
0.365776 0.582269 
0.905262 0.355222 
0.816798 0.782776 
0.0503894 0.381532 
0.614311 0.865271 
0.365447 0.425534 
0.911108 0.988573 
0.0133892 0.48662 
0.118698 0.532162 
0.725068 0.0516506 
0.456716 0.730814 
0.67691 0.436145 
0.408859 0.174001 
0.906409 0.413823 
0.6743 0.220108 
0.831573 0.166785 
0.122577 0.878558 
0.753213 0.829168 
0.347378 0.152028 
0.918298 0.0446016 
0.636388 0.63448 
0.990131 0.0077021 
0.715516 0.177528 
0.225714 0.80635 
0.53168 0.144653 
0.18927 0.384314 
0.267913 0.911385 
0.0338776 0.598946 
0.489937 0.841372 
0.173142 0.356486 
0.194138 0.415049 
0.107497 0.351031 
0.217264 0.465959 
0.991824 0.166784 
0.166319 0.709588 
0.521358 0.439246 
0.650208 0.693115 
0.0166519 0.343133 
0.413374 0.798571 
0.765587 0.249617 
0.412807 0.0810306 
0.848782 0.327674 
0.566486 0.745272 
0.143297 0.576024 
0.250974 0.438312 
0.584307 0.856078 
0.60768 0.365985 
0.413024 0.0108745 
0.853743 0.466244 
0.191373 0.737862 
0.705467 0.791589 
0.450782 0.569289 
0.970949 0.122117 
0.187405 0.476708 
0.491804 0.61631 
0.955476 0.498208 
0.555726 0.337254 
0.755783 0.0567118 
0.223327 0.147614 
0.725233 0.847795 
0.535719 0.313321 
0.0127923 0.785965 
0.822329 0.00336413 
0.762826 0.215765 
0.431719 0.444856 
0.520352 0.470487 
0.347539 0.364558 
0.633828 0.840714 
0.0998042 0.950216 
0.736719 0.119396 
0.558453 0.476979 
0.532138 0.819204 
0.911731 0.139014 
0.620625 0.682573 
0.879999 0.720739 
0.334989 0.97115 
0.850474 0.965559 
0.704998 0.550435 
0.9772 0.385191 
0.418557 0.416571 
0.622641 0.254536 
0.0445063 0.487039 
0.145494 0.17838 
0.173411 0.568232 
0.654535 0.5802 
0.832915 0.270991 
0.224966 0.74364 
0.0721895 0.708495 
0.158159 0.384948 
0.26739 0.348618 
0.728197 0.879891 
0.814716 0.506529 
0.759808 0.891147 
0.221299 0.859855 
0.666142 0.907334 
0.193248 0.446149 
0.921599 0.906826 
0.0299688 0.459541 
0.790786 0.427588 
0.79761 0.120645 
0.965633 0.183569 
0.376624 0.467236 
0.89258 0.163524 
0.79479 0.0585027 
0.875528 0.409599 
0.250684 0.377039 
0.637903 0.358183 
0.0231195 0.699678 
0.790701 0.229508 
0.22803 0.24124 
0.299204 0.488275 
0.887937 0.830612 
0.249329 0.263956 
0.194881 0.203032 
0.733412 0.567991 
0.0699302 0.504952 
0.750981 0.161644 
0.869482 0.910167 
0.944339 0.314188 
0.42234 0.556248 
0.16386 0.456354 
0.489487 0.392589 
0.982915 0.0380131 
0.825804 0.0611498 
0.501275 0.273205 
0.312577 0.229197 
0.917434 0.722088 
0.98923 0.0969161 
0.951566 0.402893 
0.61441 0.993708 
0.134668 0.238981 
0.119319 0.161487 
0.124026 0.00296929 
0.107369 0.132714 
0.756826 0.366223 
0.640994 0.0860326 
0.471567 0.905421 
0.978503 0.978795 
0.848835 0.664914 
0.502797 0.902758 
0.714132 0.993689 
0.22331 0.397381 
0.0733498 0.772167 
0.585031 0.946774 
0.469508 0.368603 
0.816892 0.380039 
0.586354 0.343174 
0.253032 0.066229 
0.402978 0.661807 
0.381361 0.639172 
0.0521964 0.15912 
0.52301 0.613078 
0.459136 0.111433 
0.729441 0.0208296 
0.949646 0.63637 
0.317916 0.695217 
0.513672 0.551945 
0.482424 0.340227 
0.0957984 0.894496 
0.556135 0.124368 
0.913232 0.481639 
0.298473 0.402532 
0.138738 0.306888 
0.0769997 0.63079 
0.770032 0.510272 
0.986374 0.502085 
0.101759 0.718256 
0.88579 0.55553 
0.0346514 0.287471 
0.574482 0.917274 
0.285642 0.885688 
0.66612 0.938606 
0.584591 0.138459 
0.494209 0.674607 
0.737784 0.695296 
0.773424 0.031071 
0.309776 0.437947 
0.602808 0.894453 
0.580834 0.532254 
0.0938006 0.590892 
0.137602 0.343163 
0.798405 0.569537 
0.341626 0.217986 
0.557834 0.801129 
0.972173 0.529822 
0.27619 0.248204 
0.633258 0.60326 
0.553301 0.941523 
0.288567 0.684442 
0.672136 0.606161 
0.793126 0.695325 
0.472881 0.249966 
0.376411 0.706189 
0.775128 0.280365 
0.898046 0.927289 
0.328727 0.498246 
0.23937 0.834403 
0.0084021 0.902986 
0.756305 0.00502697 
0.185122 0.628341 
0.350267 0.642487 
0.193571 0.138367 
0.731701 0.626295 
0.0473857 0.25906 
0.647363 0.235632 
0.533117 0.358745 
0.0188207 0.0872375 
0.511721 0.120783 
0.23857 0.178072 
0.819017 0.216699 
0.379695 0.517163 
0.784893 0.864445 
0.662863 0.30505 
0.893241 0.383968 
0.856768 0.0544005 
0.00101234 0.405225 
0.586567 0.00787997 
0.234846 0.291521 
0.815304 0.446921 
0.310354 0.523437 
0.429532 0.75443 
0.496906 0.871952 
0.517941 0.408202 
0.599895 0.755097 
0.246261 0.630556 
0.80489 0.150854 
0.612087 0.9625 
0.876592 0.313665 
0.252701 0.222239 
0.0965212 0.292285 
0.551785 0.446403 
0.146576 0.824741 
0.950801 0.924144 
0.72455 0.816481 
0.994584 0.235949 
0.494833 0.0531693 
0.578521 0.501022 
0.266982 0.191323 
0.176642 0.177787 
0.99543 0.461195 
0.415443 0.29075 
0.588637 0.420566 
0.995629 0.0664475 
0.591878 0.24978 
0.732924 0.943717 
0.0468495 0.350622 
0.959532 0.954071 
0.124712 0.279102 
0.53534 0.52932 
0.709697 0.713847 
0.409207 0.142867 
0.503087 0.304801 
0.80637 0.288138 
0.448998 0.269947 
0.379846 0.37399 
0.608383 0.517322 
0.066671 0.283482 
0.767629 0.575136 
0.677045 0.106365 
0.671983 0.76477 
0.0785271 0.212061 
0.875918 0.344801 
0.714158 0.592722 
0.758084 0.479116 
0.924101 0.388189 
0.970131 0.828588 
0.305064 0.30034 
0.563821 0.671567 
0.194324 0.329712 
0.318422 0.139898 
0.161604 0.205059 
0.636525 0.0552305 
0.305263 0.980748 
0.343382 0.720245 
0.0695222 0.877738 
0.831568 0.713222 
0.863879 0.373549 
0.948719 0.709788 
0.940829 0.979054 
0.0154378 0.187059 
0.97335 0.66374 
0.606261 0.625657 
0.611264 0.073442 
0.670447 0.0759682 
0.897818 0.746356 
0.616498 0.406406 
0.144625 0.514981 
0.841875 0.430523 
0.461421 0.0585736 
0.166488 0.118085 
0.199913 0.551925 
0.83901 0.240493 
0.866726 0.853506 
0.958943 0.760908 
0.951883 0.0347695 
0.359517 0.493327 
0.737612 0.7295 
0.246707 0.0967529 
0.556693 0.552271 
0.164377 0.0744948 
0.244629 0.966692 
0.320677 0.632372 
0.48618 0.568081 
0.964193 0.152486 
0.862372 0.26102 
0.0875424 0.831897 
0.140614 0.764248 
0.445738 0.144889 
0.461702 0.40681 
0.795647 0.893805 
0.831705 0.577911 
0.663407 0.495253 
0.651915 0.661766 
0.678216 0.67891 
0.326688 0.389337 
0.254944 0.996129 
0.946279 0.207915 
0.767349 0.619163 
0.15228 0.264653 
0.774135 0.782299 
0.85507 0.882471 
0.310053 0.36299 
0.542259 0.388603 
0.466223 0.192216 
0.439959 0.175499 
0.496793 0.18632 
0.576932 0.0651769 
0.0648229 0.602175 
0.444972 0.236171 
0.382095 0.0863864 
0.383589 0.607951 
0.502394 0.36417 
0.077219 0.343863 
0.64247 0.389073 
0.850227 0.827003 
0.441179 0.813072 
0.912917 0.81012 
0.316536 0.865784 
0.05578 0.0661721 
0.523559 0.926237 
0.866346 0.0247483 
0.64471 0.00136754 
0.310415 0.0577058 
0.0303877 0.816543 
0.624869 0.0254159 
0.193399 0.980952 
0.581576 0.279725 
0.645673 0.428458 
0.223752 0.0555347 
0.924401 0.602509 
0.350315 0.278792 
0.0099238 0.522439 
0.36704 0.30506 
0.458664 0.844056 
0.643857 0.204735 
0.225918 0.495865 
0.287266 0.139886 
0.280314 0.460988 
0.918479 0.636631 
0.152799 0.617476 
0.482633 0.131873 
0.226854 0.654946 
0.181532 0.00978914 
0.495425 0.966513 
0.0274311 0.548903 
0.895852 0.61513 
0.527474 0.878973 
0.0586189 0.543347 
0.099 0.749259 
0.258612 0.759526 
0.554839 0.583587 
0.602605 0.65684 
0.682821 0.281157 
0.600125 0.0443616 
0.792261 0.600222 
0.0887752 0.0205099 
0.61656 0.335426 
0.0523086 0.430326 
0.248214 0.469326 
0.257659 0.688727 
0.278634 0.631701 
0.582681 0.45127 
0.164785 0.965612 
0.553388 0.166944 
0.0823144 0.151216 
0.206459 0.358375 
0.435277 0.39024 
0.260312 0.548257 
0.739405 0.39695 
0.266864 0.729415 
0.671885 0.637539 
0.229376 0.0201347 
0.83762 0.356769 
0.894448 0.891448 
0.328422 0.0016701 
0.0148408 0.746314 
0.852778 0.996682 
0.444919 0.30083 
0.658227 0.736474 
0.0133524 0.0284779 
0.145912 0.0251573 
0.927809 0.0149214 
0.437108 0.955551 
0.828691 0.849624 
0.0538123 0.905489 
0.408312 0.866074 
0.823899 0.880488 
0.507984 0.513367 
0.123526 0.600025 
0.318128 0.738724 
0.0439604 0.757335 
0.351959 0.902694 
0.50261 0.155748 
0.428851 0.1187 
0.564343 0.831844 
0.862192 0.219786 
0.817355 0.411222 
0.110973 0.0988559 
0.83522 0.0907997 
0.337212 0.76353 
0.69828 0.0205189 
0.336319 0.114393 
0.100707 0.657146 
0.964641 0.0632432 
0.269988 0.828206 
0.757839 0.317575 
0.433093 0.986955 
0.949899 0.852308 
0.0521605 0.573771 
0.765476 0.680648 
0.645094 0.781083 
0.231956 0.775781 
0.764341 0.711956 
0.587792 0.600284 
0.820255 0.652205 
0.312336 0.782522 
0.594861 0.0999125 
0.462936 0.671931 
0.0829103 0.113432 
0.944093 0.811434 
0.970864 0.330453 
0.744268 0.289536 
0.845569 0.633833 
0.513129 0.334813 
0.0954159 0.687793 
0.564373 0.0936822 
0.570935 0.71416 
0.279195 0.52348 
0.679885 0.521884 
0.348984 0.522702 
0.455362 0.538329 
0.934144 0.343585 
0.804116 0.0902308 
0.795513 0.759444 
0.900346 0.958389 
0.103252 0.256557 
0.10557 0.503424 
0.40835 0.967891 
0.407179 0.695782 
0.295579 0.717092 
0.887914 0.690544 
0.170368 0.903808 
0.389448 0.248226 
0.852263 0.143597 
0.899437 0.50962 
0.329557 0.92452 
0.530247 0.256438 
0.985513 0.592797 
0.213554 0.268806 
0.478848 0.644883 
0.684894 0.882264 
0.668072 0.366184 
0.842195 0.195993 
0.421588 0.333782 
0.0175418 0.376372 
0.191674 0.949811 
0.391325 0.560392 
0.22413 0.320749 
0.529405 0.727237 
0.864386 0.578273 
0.510117 0.647536 
0.200562 0.917757 
0.970571 0.731993 
0.478094 0.753818 
0.472018 0.161611 
0.0666459 0.314601 
0.307806 0.198421 
0.0320874 0.406689 
0.92756 0.571471 
0.403934 0.49649 
0.507244 0.024563 
0.553357 0.861257 
0.3118 0.950228 
0.699349 0.352246 
0.688251 0.323119 
0.38828 0.991819 
0.481055 0.785082 
0.364621 0.0472858 
0.107424 0.455701 
0.247472 0.127917 
0.4304 0.0552682 
0.387654 0.944467 
0.372565 0.221496 
0.564951 0.367114 
0.694226 0.852347 
0.0114814 0.434524 
0.281115 0.781168 
0.334846 0.419435 
0.46912 0.508337 
0.921136 0.840219 
0.282915 0.600798 
0.321256 0.333914 
0.975022 0.430896 
0.305234 0.111665 
0.790574 0.48669 
0.297019 0.922714 
0.949749 0.370518 
0.871421 0.440518 
0.261478 0.657758 
0.806719 0.923096 
0.523531 0.581719 
0.572624 0.886 
0.413379 0.617513 
0.348633 0.689396 
0.914451 0.543165 
0.544552 0.0687846 
0.10785 0.626881 
0.201971 0.767159 
0.824352 0.476817 
0.949544 0.892992 
0.862907 0.172808 
0.805104 0.257067 
0.760491 0.64972 
0.689604 0.738793 
0.642052 0.15328 
0.0501903 0.0971377 
0.268763 0.859414 
0.843464 0.765947 
0.559842 0.614556 
0.0698499 0.661062 
0.536074 0.0381103 
0.183265 0.261607 
0.808629 0.345332 
0.0409052 0.725844 
0.923162 0.100187 
0.397645 0.203046 
0.127228 0.73615 
0.138963 0.0564619 
0.990695 0.950115 
0.290877 0.171028 
0.906808 0.445623 
0.77509 0.142051 
0.734576 0.228724 
0.90092 0.294269 
0.675806 0.998886 
0.398217 0.113042 
0.611084 0.155963 
0.295549 0.808888 
0.575736 0.775312 
0.527867 0.184739 
0.40867 0.362146 
0.804498 0.0289285 
0.281816 0.376218 
0.414645 0.22913 
0.718488 0.481061 
0.540393 0.639214 
0.520527 0.848386 
0.551262 0.0101101 
0.857029 0.695073 
0.522731 0.997391 
0.574846 0.642148 
0.589892 0.689103 
0.399653 0.826748 
0.852811 0.736134 
0.904663 0.776796 
0.096298 0.861791 
0.105699 0.393368 
0.981842 0.264332 
0.348454 0.187607 
0.981733 0.920267 
0.50761 0.0816141 
0.426644 0.721805 
0.909593 0.324267 
0.0593925 0.845251 
0.124756 0.676874 
0.215893 0.623242 
0.488484 0.454916 
0.322223 0.170812 
0.87344 0.526863 
0.884787 0.196634 
0.612653 0.579597 
0.743161 0.191713 
0.8215 0.813969 
0.921553 0.248146 
0.92346 0.69149 
0.579256 0.977506 
0.868475 0.0832368 
0.68817 0.192283 
0.977237 0.69726 
0.759399 0.434091 
0.136828 0.79515 
0.525372 0.957475 
0.259811 0.0269317 
0.768922 0.742943 
0.995761 0.550171 
0.677493 0.967737 
0.171541 0.0428912 
0.999221 0.646421 
0.00128423 0.677485 
0.898869 0.583976 
0.167805 0.292919 
0.880518 0.982458 
0.184696 0.597229 
0.0260278 0.0569415 
0.174419 0.854126 
0.723337 0.147456 
0.785782 0.377855 
0.435226 0.882128 
0.631329 0.809361 
0.541137 0.227243 
0.0395245 0.869269 
0.164748 0.425257 
0.280044 0.050655 
0.0124679 0.985979 
0.529333 0.787913 
0.285 0.00449351 
0.545352 0.283689 
0.744457 0.792275 
0.493428 0.935191 
0.295629 0.564526 
0.440479 0.0257447 
0.356773 0.248328 
0.394609 0.436565 
0.883498 0.79972 
0.199666 0.297912 
0.195807 0.65757 
0.381162 0.913891 
0.449483 0.70028 
0.460562 0.00180391 
0.63131 0.752814 
0.195759 0.79771 
0.335642 0.306258 
0.0733543 0.406045 
0.867156 0.495394 
0.359542 0.0040445 
0.0502035 0.22496 
0.396472 0.053076 
0.260216 0.579409 
0.0509458 0.685763 
0.660374 0.17839 
0.686381 0.57821 
0.707143 0.90426 
0.774398 0.183786 
0.659903 0.33606 
0.274073 0.111663 
0.612431 0.283959 
0.131912 0.646598 
0.701276 0.0717251 
0.988397 0.356157 
0.357248 0.395452 
0.780559 0.457089 
0.69972 0.652023 
0.382051 0.79952 
0.00826082 0.61663 
0.78876 0.313797 
0.896511 0.0162928 
0.00845935 0.871829 
0.607883 0.925385 
0.160301 0.74013 
0.351007 0.795458 
0.632136 0.718891 
0.774172 0.0818217 
0.123123 0.971814 
0.997007 0.812827 
0.433754 0.482182 
0.328804 0.66523 
0.45264 0.331009 
0.572254 0.225618 
0.056319 0.0348795 
0.965177 0.46861 
0.929245 0.94667 
0.225832 0.206499 
0.130467 0.205669 
0.219382 0.527652 
0.857608 0.1124 
0.884864 0.468663 
0.694336 0.38306 
0.533646 0.0986817 
0.0839466 0.561398 
0.935513 0.781457 
0.256764 0.317591 
0.155672 0.680336 
0.770627 0.977346 
0.929431 0.750872 
0.950806 0.262162 
0.0830666 0.051137 
0.139146 0.905066 
0.66051 0.824196 
0.674299 0.251215 
0.566205 0.306839 
0.697026 0.933866 
0.23744 0.600661 
0.795577 0.726532 
0.177164 0.530688 
0.0107947 0.840763 
0.00353566 0.286633 
0.687692 0.475523 
0.54596 0.904311 
0.583036 0.569286 
0.338429 0.843471 
0.462017 0.936397 
0.410038 0.901187 
0.212137 0.58253 
0.0294036 0.926009 
0.688625 0.160401 
0.846147 0.399174 
0.95665 0.0938758 
0.352655 0.0760995 
0.736924 0.455806 
0.628364 0.465818 
0.372563 0.669214 
0.99976 0.133888 
0.945518 0.545965 
0.557765 0.415732 
0.878357 0.645033 
0.158022 0.48691 
0.0876379 0.53052 
0.711899 0.760889 
0.110548 0.320066 
0.735448 0.339262 
0.819656 0.971995 
0.942316 0.666668 
0.464438 0.970794 
0.745203 0.597011 
0.556339 0.198365 
0.237271 0.917302 
0.116349 0.0350225 
0.819812 0.316235 
0.806465 0.187004 
0.892201 0.103368 
0.730395 0.658515 
0.480708 0.703387 
0.74327 0.760954 
0.280301 0.427827 
0.98055 0.857961 
0.934525 0.0712109 
0.775838 0.917951 
0.632133 0.49688 
0.532465 0.669612 
0.437681 0.597745 
0.43592 0.206382 
0.216462 0.117209 
0.634936 0.941091 
0.655606 0.0305666 
0.40843 0.586606 
0.149885 0.545633 
0.337741 0.0314455 
0.106554 0.225607 
0.843022 0.519765 
0.935339 0.459672 
0.138288 0.40889 
0.196629 0.506418 
0.668708 0.406003 
0.163443 0.325818 
0.20137 0.0338372 
0.766927 0.112054 
0.323138 0.08616 
0.0457476 0.194149 
0.115018 0.563047 
0.0380413 0.00946989 
0.135791 0.442929 
0.462182 0.438018 
0.663044 0.855474 
0.674423 0.796068 
0.638566 0.553211 
0.915001 0.185071 
0.642457 0.879128 
0.134505 0.942798 
0.737223 0.912757 
0.385835 0.279633 
0.260682 0.156132 
0.999121 0.31743 
0.698918 0.413964 
0.548029 0.979015 
0.0827391 0.436776 
0.963547 0.233783 
0.600988 0.723612 
0.491497 0.997547 
0.0670755 0.998149 
0.0357838 0.31858 
0.667966 0.136115 
0.349307 0.45221 
0.416387 0.932082 
0.367348 0.117228 
0.153727 0.877443 
0.648599 0.523532 
0.822051 0.68343 
0.129362 0.373167 
0.710906 0.517569 
0.926081 0.872444 
0.897322 0.860377 
0.474838 0.290571 
0.25653 0.407645 
0.086225 0.478462 
0.502873 0.241617 
0.314774 0.896994 
0.486589 0.53623 
0.599415 0.477694 
0.1385 0.131773 
0.39932 0.770548 
0.0554642 0.128154 
0.893317 0.264111 
0.94011 0.126292 
0.306903 0.0267102 
0.268409 0.493037 
0.230558 0.557429 
0.699951 0.620656 
0.502948 0.807604 
0.631873 0.308289 
0.837786 0.908507 
0.369256 0.737846 
0.188633 0.68787 
0.0296651 0.66039 
0.570486 0.0346653 
0.197735 0.23404 
0.93415 0.160569 
0.283544 0.217942 
0.111101 0.424003 
0.705538 0.249466 
0.971801 0.295808 
0.794191 0.530122 
0.0731961 0.967596 
0.969123 0.5663 
0.110815 0.77805 
0.822168 0.743048 
0.22338 0.989525 
0.24869 0.517134 
0.682034 0.0470859 
0.930941 0.286105 
0.439713 0.359367 
0.356724 0.939954 
0.507195 0.765623 
0.592049 0.201608 
0.352488 0.871423 
0.321729 0.466732 
0.537569 0.75759 
0.290692 0.327963 
0.47249 0.815279 
0.597085 0.311066 
0.971095 0.792198 
0.193921 0.0645834 
0.669872 0.55156 
0.790452 0.661725 
0.419532 0.259878 
0.711622 0.101049 
0.739297 0.504424 
0.443807 0.0842912 
0.330112 0.547556 
0.135392 0.70612 
0.614838 0.437628 
0.490867 0.423772 
0.165651 0.235933 
0.0199024 0.217856 
0.11226 0.920965 
0.0262133 0.117489 
0.735068 0.259801 
0.828566 0.123482 
0.38173 0.882596 
0.850584 0.296587 
0.18765 0.0952182 
0.177704 0.823125 
0.0965974 0.988176 
0.543364 0.699074 
0.334757 0.578433 
0.835573 0.031565 
0.427433 0.841255 
0.795011 0.952354 
0.833352 0.939447 
0.649838 0.274151 
0.887296 0.0478038 
0.0565984 0.941223 
0.906369 0.665387 
0.0212807 0.956091 
0.763982 0.946845 
0.929951 0.516113 
0.800042 0.837092 
0.725735 0.368882 
0.890262 0.233158 
0.162829 0.650055 
0.959083 0.0043864 
0.207621 0.174517 
0.464016 0.474363 
0.226088 0.686105 
0.465654 0.874625 
0.741392 0.0865395 
0.352372 0.332536 
0.115591 0.817929 
0.852502 0.795849 
0.480648 0.219807 
0.0824402 0.0822853 
0.676518 0.710261 
0.693525 0.821002 
0.999076 0.719463 
0.874771 0.76753 
0.98048 0.889126 
0.977786 0.62297 
0.643402 0.117039 
0.777552 0.342896 
0.220632 0.43138 
0.0211864 0.156463 
0.170771 0.776697 
0.85148 0.549833 
0.217437 0.0860529 
0.0162778 0.258249 
0.820352 0.547246 
0.37792 0.177536 
0.735646 0.53675 
0.431525 0.643078 
0.154138 0.994909 
0.705801 0.449375 
0.0427573 0.978667 
0.38429 0.0230666 
0.739229 0.974628 
0.780028 0.813034 
0.164343 0.149167 
0.0807569 0.374772 
0.127135 0.480365 
0.473945 0.0300164 
0.493108 0.485852 
0.769679 0.404579 
0.709447 0.681844 
0.074706 0.24415 
0.409006 0.527941 
0.400548 0.739222 
0.705332 0.218197 
0.380218 0.851334 
0.613322 0.783572 
0.109733 0.0672583 
0.389185 0.404387 
0.19106 0.880487 
0.207654 0.831801 
0.498058 0.729561 
0.396417 0.315409 
0.298541 0.26989 
0.586918 0.389354 
0.368001 0.769144 
0.407751 0.464861 
0.236265 0.349416 
0.326297 0.814638 
0.289414 0.751044 
0.0694539 0.739488 
0.468897 0.594873 
0.698248 0.129123 
0.870206 0.941373 
0.616779 0.222619 
0.916284 0.21614 
0.989839 0.764901 
0.0895725 0.800813 
0.659431 0.462093 
0.613323 0.124942 
0.381749 0.342886 
0.208533 0.71185 
0.0407025 0.517915 
0.0610657 0.460174 
0.727784 0.425926 
0.58914 0.803721 
0.256313 0.800136 
0.903542 0.0743848 
0.0614375 0.814161 
0.239635 0.7142 
0.60755 0.548646 
0.36619 0.969729 
0.561381 0.256014 
0.603815 0.831496 
0.989167 0.204755 
0.476733 0.0857379 
0.766114 0.543881 
0.791271 0.00070198 
0.634895 0.909525 
0.954346 0.593758 
0.251049 0.885117 
0.299265 0.655104 
0.363575 0.824806 
0.164539 0.934436 
0.823622 0.6096 
0.326832 0.256881 
0.220401 0.891047 
0.753882 0.860451 
0.797139 0.631134 
0.0811066 0.921978 
0.0438957 0.630499 
0.288695 0.0823022 
0.45595 0.623425 
0.314115 0.601852 
0.441134 0.912905 
0.222449 0.944753 
0.125317 0.847516 
0.043848 0.788461 
0.0740945 0.181249 
0.104312 0.188771 
0.511979 0.700517 
0.142561 0.0974028 
0.431678 0.674442 
0.448523 0.781136 
0.264182 0.942382 
0.346667 0.609445 
0.298925 0.839957 
0.271369 0.288235 
0.881316 0.132518 
0.513706 0.212443 
0.865151 0.609496 
0.717892 0.313503 
0.708362 0.963006 
0.584152 0.171523 
0.713917 0.282633 
0.0121461 0.576651 
0.361439 0.551315 
0.535252 0.497993 
0.646362 0.970212 
0.619 0.186053 
0.43663 0.513293 
0.378263 0.146398 
