0.882479 0.220721 
0.626959 0.012726 
0.429435 0.962705 
0.210553 0.634566 
0.458253 0.974788 
0.621959 0.683275 
0.15948 0.113459 
0.0414135 0.857706 
0.855455 0.900471 
0.769907 0.317718 
0.525155 0.0469796 
0.146665 0.463812 
0.815569 0.397852 
0.563345 0.769927 
0.893873 0.727049 
0.954131 0.319978 
0.542507 0.24857 
0.369945 0.439237 
0.0146454 0.596702 
0.797933 0.573503 
0.322227 0.776559 
0.0432988 0.530759 
0.789241 0.265234 
0.396883 0.155479 
0.744611 0.0843313 
0.933887 0.0704177 
0.462906 0.495651 
0.267804 0.142207 
0.432743 0.892679 
0.789701 0.654639 
0.732827 0.863542 
0.421337 0.370141 
0.319708 0.072487 
0.071019 0.156191 
0.230577 0.508518 
0.0990037 0.0957756 
0.0227919 0.351915 
0.51017 0.268646 
0.907602 0.0240186 
0.0735002 0.884073 
0.48919 0.979043 
0.427284 0.467687 
0.405524 0.521445 
0.973684 0.232308 
0.576938 0.337128 
0.986094 0.401401 
0.225856 0.539422 
0.137969 0.212392 
0.390573 0.415722 
0.438597 0.344063 
0.494526 0.297834 
0.290933 0.922553 
0.166347 0.564261 
0.980607 0.772416 
0.00345205 0.460237 
0.53041 0.656004 
0.844826 0.0482168 
0.658347 0.92428 
0.150413 0.668684 
0.189115 0.126138 
0.0565925 0.647669 
0.0608127 0.377997 
0.486215 0.474578 
0.754429 0.431016 
0.499871 0.581243 
0.775298 0.594862 
0.377064 0.932222 
0.10879 0.238212 
0.932669 0.00549086 
0.372411 0.223004 
0.671213 0.952645 
0.759615 0.150329 
0.818519 0.0314834 
0.245759 0.981046 
0.843321 0.641557 
0.580824 0.622268 
0.314692 0.520748 
0.139283 0.928382 
0.0100558 0.118878 
0.369746 0.585718 
0.22229 0.845448 
0.303386 0.300542 
0.655369 0.471059 
0.205132 0.767913 
0.693665 0.826034 
0.543755 0.95301 
0.710581 0.479827 
0.126584 0.720375 
0.963634 0.66962 
0.230111 0.0130265 
0.350302 0.76046 
0.527141 0.1773 
0.0425122 0.676635 
0.205525 0.993734 
0.340065 0.650542 
0.855563 0.0775151 
0.645522 0.977586 
0.956969 0.4457 
0.570254 0.991649 
0.841709 0.233806 
0.184226 0.744737 
0.48199 0.237519 
0.0142272 0.68962 
0.0576241 0.812927 
0.65806 0.574147 
0.790307 0.0182403 
0.980529 0.520062 
0.352695 0.0164789 
0.43701 0.637235 
0.678908 0.303183 
0.335001 0.82827 
0.223069 0.401687 
0.897679 0.54051 
0.947346 0.215509 
0.798199 0.919792 
0.0125495 0.417938 
0.943061 0.286445 
0.635745 0.531792 
0.349892 0.91678 
0.391241 0.0218031 
0.286859 0.538535 
0.191709 0.545987 
0.830199 0.20472 
0.180412 0.0122914 
0.530863 0.292084 
0.0570463 0.941776 
0.448967 0.259583 
0.839038 0.702817 
0.438252 0.14353 
0.87195 0.653656 
0.766797 0.936667 
0.126772 0.808737 
0.588018 0.283288 
0.0379325 0.000715219 
0.736912 0.231861 
0.104715 0.539245 
0.772418 0.711702 
0.474851 0.395675 
0.387201 0.964966 
0.751535 0.518127 
0.94783 0.626667 
0.886343 0.681194 
0.913042 0.277804 
0.559806 0.0600636 
0.135402 0.897443 
0.534427 0.84446 
0.327503 0.331277 
0.680813 0.489148 
0.0379662 0.104924 
0.591786 0.651499 
0.183752 0.713523 
0.30025 0.227001 
0.2187 0.965418 
0.924441 0.485433 
0.992873 0.956388 
0.996763 0.493369 
0.329344 0.136302 
0.960435 0.187143 
0.876474 0.0223871 
0.830435 0.921011 
0.321076 0.203638 
0.452379 0.373928 
0.302286 0.258221 
0.580265 0.36822 
0.81027 0.180625 
0.691219 0.633703 
0.209718 0.670595 
0.957394 0.751736 
0.574001 0.960683 
0.133225 0.153841 
0.501956 0.796551 
0.822135 0.515429 
0.103404 0.923447 
0.928102 0.741365 
0.609614 0.226101 
0.697607 0.451461 
0.27745 0.109988 
0.682833 0.0253907 
0.134923 0.382451 
0.920009 0.14066 
0.986515 0.550663 
0.241698 0.745739 
0.253759 0.851503 
0.848669 0.414471 
0.0654232 0.0808848 
0.279048 0.570626 
0.670471 0.759582 
0.00678216 0.0219331 
0.160248 0.523898 
0.516132 0.90078 
0.898629 0.977147 
0.80631 0.459702 
0.529237 0.813664 
0.929551 0.182441 
0.583014 0.172377 
0.4276 0.314784 
0.321398 0.0162929 
0.903013 0.652761 
0.860778 0.198216 
0.556062 0.693072 
0.920601 0.711212 
0.919857 0.837274 
0.981567 0.695012 
0.20661 0.0336272 
0.0265828 0.810782 
0.743007 0.721826 
0.525123 0.686926 
0.466156 0.692432 
0.751472 0.807998 
0.00503442 0.0834603 
0.116192 0.480603 
0.499038 0.415497 
0.00468718 0.236102 
0.358451 0.251007 
0.509563 0.00581909 
0.351876 0.413706 
0.468807 0.585035 
0.799539 0.0562329 
0.211718 0.232585 
0.550981 0.922602 
0.088516 0.761272 
0.405883 0.633779 
0.267154 0.343832 
0.0916404 0.132755 
0.709769 0.545797 
0.975851 0.641024 
0.875545 0.0535484 
0.406728 0.875347 
0.974398 0.471553 
0.270045 0.250243 
0.759169 0.681522 
0.0582098 0.458555 
0.212517 0.315985 
0.426378 0.283532 
0.762783 0.905806 
0.329412 0.940971 
0.166123 0.383491 
0.0514304 0.305671 
0.186307 0.809717 
0.745893 0.391787 
0.951888 0.0958863 
0.460564 0.321806 
0.40262 0.486953 
0.0867754 0.982534 
0.666364 0.138905 
0.677154 0.661495 
0.174334 0.23441 
0.163437 0.263705 
0.297367 0.0502371 
0.659732 0.169443 
0.123745 0.271835 
0.400478 0.688439 
0.590373 0.874501 
0.0116805 0.180879 
0.242911 0.579356 
0.987647 0.317378 
0.146105 0.0483614 
0.073527 0.673806 
0.656649 0.326725 
0.107421 0.331404 
0.0944291 0.507727 
0.739271 0.777507 
0.617449 0.841001 
0.794291 0.796284 
0.549109 0.0269558 
0.240944 0.626789 
0.284869 0.474031 
0.983929 0.166582 
0.700898 0.225518 
0.121231 0.0672299 
0.82553 0.794479 
0.389671 0.56137 
0.433364 0.993706 
0.148074 0.014575 
0.683452 0.390983 
0.133309 0.978144 
0.947931 0.696435 
0.773609 0.455641 
0.290817 0.195524 
0.0498325 0.195714 
0.871375 0.136842 
0.158965 0.0771146 
0.013879 0.565569 
0.128566 0.413014 
0.973296 0.930954 
0.956737 0.559799 
0.183166 0.301614 
0.468722 0.0839597 
0.574614 0.799039 
0.720889 0.624239 
0.586355 0.843498 
0.999182 0.913659 
0.344656 0.798457 
0.837826 0.103187 
0.634404 0.904361 
0.103547 0.892279 
0.489445 0.55175 
0.293111 0.598582 
0.120139 0.0310261 
0.449295 0.666041 
0.509224 0.765156 
0.400659 0.590688 
0.243107 0.822136 
0.827262 0.295489 
0.471005 0.643462 
0.922143 0.309645 
0.0301017 0.917278 
0.621983 0.643706 
0.933523 0.974361 
0.840216 0.134355 
0.000430096 0.373684 
0.332318 0.680882 
0.159774 0.414073 
0.920696 0.781532 
0.112626 0.78098 
0.0310748 0.443085 
0.619246 0.28486 
0.738774 0.321193 
0.0240903 0.320734 
0.362881 0.674022 
0.720111 0.922622 
0.948005 0.126857 
0.190141 0.514771 
0.916514 0.908059 
0.769228 0.0635839 
0.513256 0.237536 
0.892023 0.338611 
0.2722 0.947564 
0.760198 0.210966 
0.122713 0.304186 
0.490541 0.33071 
0.252658 0.391664 
0.0580593 0.501875 
0.298 0.133754 
0.262277 0.603923 
0.163741 0.144408 
0.363786 0.840484 
0.910627 0.427809 
0.976051 0.803175 
0.212973 0.875263 
0.419046 0.40277 
0.213699 0.568224 
0.478243 0.760864 
0.478424 0.00835649 
0.945156 0.893798 
0.513425 0.206274 
0.813117 0.634186 
0.766366 0.286592 
0.0427266 0.888815 
0.0902654 0.802743 
0.139546 0.243585 
0.636892 0.597031 
0.690611 0.521225 
0.843633 0.871709 
0.666802 0.605777 
0.0759706 0.562811 
0.178404 0.682686 
0.31944 0.90975 
0.949948 0.526073 
0.881745 0.513761 
0.490721 0.612027 
0.79144 0.736284 
0.539564 0.99723 
0.544109 0.536769 
0.480542 0.360338 
0.357554 0.339926 
0.589745 0.403022 
0.152497 0.739436 
0.575123 0.540438 
0.0739484 0.215537 
0.72075 0.513257 
0.676166 0.852747 
0.640462 0.727192 
0.181836 0.877347 
0.654353 0.038051 
0.431612 0.691891 
0.660556 0.512877 
0.820021 0.25938 
0.310098 0.566709 
0.0814506 0.47936 
0.657614 0.00705887 
0.462665 0.94265 
0.538073 0.370164 
0.811206 0.822366 
0.431629 0.498698 
0.418317 0.253302 
0.521981 0.718139 
0.581929 0.930522 
0.176354 0.481038 
0.867955 0.593545 
0.579115 0.0355584 
0.199281 0.20388 
0.897221 0.119282 
0.577904 0.213831 
0.816642 0.670131 
0.266482 0.0397179 
0.500461 0.446735 
0.877421 0.426629 
0.373485 0.53457 
0.456376 0.180882 
0.574679 0.24594 
0.0846438 0.592755 
0.92318 0.340866 
0.125025 0.183974 
0.282792 0.863038 
0.125134 0.643412 
0.294208 0.401127 
0.982093 0.105037 
0.406776 0.0907302 
0.212701 0.70178 
0.749767 0.61265 
0.889712 0.93985 
0.492018 0.183491 
0.102786 0.161971 
0.376071 0.869239 
0.790959 0.205218 
0.0661627 0.78298 
0.645121 0.855361 
0.0866876 0.951367 
0.916965 0.222788 
0.0820607 0.185391 
0.76277 0.872019 
0.410012 0.806333 
0.893279 0.484805 
0.869758 0.707462 
0.306398 0.988849 
0.710328 0.0618139 
0.414962 0.74724 
0.0256047 0.650505 
0.428146 0.436406 
0.169209 0.352416 
0.153738 0.705018 
0.771493 0.486755 
0.375971 0.503364 
0.533595 0.077054 
0.927004 0.45435 
0.0313248 0.27075 
0.556814 0.189429 
0.187492 0.966103 
0.521242 0.558084 
0.73042 0.693381 
0.631762 0.500837 
0.635942 0.252426 
0.727415 0.748742 
0.65391 0.785992 
0.977871 0.135963 
0.403595 0.225696 
0.942775 0.924819 
0.697863 0.603271 
0.867325 0.961483 
0.213175 0.73301 
0.819217 0.852419 
0.762233 0.967452 
0.488329 0.127921 
0.28755 0.505197 
0.34712 0.517692 
0.259796 0.519626 
0.373086 0.703637 
0.0222142 0.210265 
0.987305 0.581784 
0.555139 0.158214 
0.613047 0.382182 
0.402451 0.775939 
0.241199 0.943753 
0.376571 0.9005 
0.557336 0.453125 
0.305969 0.84206 
0.808961 0.710611 
0.670185 0.231444 
0.237904 0.433353 
0.73766 0.948337 
0.733456 0.00684348 
0.294253 0.4335 
0.735279 0.290104 
0.680813 0.69502 
0.227688 0.0754017 
0.332063 0.267821 
0.608885 0.126561 
0.349613 0.4865 
0.368632 0.0434566 
0.334652 0.30084 
0.6043 0.195285 
0.756614 0.256544 
0.793107 0.431234 
0.853702 0.565886 
0.891631 0.850312 
0.312311 0.459026 
0.703458 0.283631 
0.427046 0.607549 
0.758886 0.650425 
0.724696 0.260663 
0.762049 0.746435 
0.465432 0.78942 
0.790281 0.982692 
0.649733 0.697429 
0.646764 0.113996 
0.34913 0.88553 
0.869084 0.105669 
0.427695 0.114058 
0.376259 0.470081 
0.359817 0.282259 
0.362331 0.384227 
0.677568 0.983136 
0.544624 0.888016 
0.395056 0.840574 
0.573161 0.900593 
0.438233 0.578302 
0.496638 0.0342415 
0.657817 0.883811 
0.560228 0.392226 
0.352074 0.199212 
0.0300785 0.383441 
0.901365 0.757205 
0.206747 0.488287 
0.906516 0.80919 
0.867227 0.992615 
0.471703 0.525822 
0.997334 0.663506 
0.761307 0.0296487 
0.590774 0.682697 
0.235323 0.264942 
0.693726 0.420482 
0.831773 0.478538 
0.810885 0.149381 
0.870286 0.756629 
0.502326 0.641917 
0.381685 0.0719624 
0.595401 0.0983969 
0.242932 0.234603 
0.552593 0.724423 
0.404427 0.0503049 
0.20704 0.428498 
0.603135 0.431254 
0.702771 0.00145106 
0.0871788 0.641536 
0.690675 0.25508 
0.472151 0.433446 
0.898416 0.599813 
0.779967 0.235301 
0.636203 0.94714 
0.496564 0.699907 
0.8078 0.325605 
0.063457 0.276866 
0.740385 0.489029 
0.78016 0.823979 
0.52699 0.463278 
0.249284 0.882422 
0.0363411 0.031854 
0.667734 0.442394 
0.117866 0.951057 
0.163483 0.986053 
0.714605 0.396671 
0.380818 0.615004 
0.782614 0.515889 
0.0350278 0.0738683 
0.453736 0.837821 
0.00147794 0.749374 
0.291476 0.753423 
0.00818751 0.293869 
0.686221 0.336872 
0.974177 0.289204 
0.678295 0.0594614 
0.184514 0.65199 
0.10382 0.830839 
0.158097 0.323232 
0.954053 0.495171 
0.181492 0.935479 
0.841103 0.767337 
0.263741 0.767893 
0.510587 0.528695 
0.136437 0.613878 
0.827608 0.582844 
0.090432 0.0622256 
0.215764 0.106265 
0.888618 0.570279 
0.266108 0.419879 
0.960069 0.990662 
0.123723 0.868532 
0.255074 0.550542 
0.133657 0.0958754 
0.860865 0.845832 
0.37074 0.311572 
0.10429 0.207316 
0.379511 0.813439 
0.545791 0.339864 
0.432759 0.201407 
0.683178 0.796722 
0.19184 0.401214 
0.916787 0.624903 
0.381852 0.74989 
0.255385 0.915601 
0.462604 0.901892 
0.810728 0.229488 
0.919273 0.516984 
0.662577 0.268823 
0.344264 0.108619 
0.851003 0.732248 
0.164154 0.909545 
0.702307 0.869637 
0.570525 0.481451 
0.111981 0.000907167 
0.696816 0.742971 
0.669168 0.363204 
0.839055 0.324462 
0.763493 0.99858 
0.00898022 0.785136 
0.876586 0.818654 
0.648222 0.296613 
0.439855 0.528906 
0.496753 0.0978108 
0.0683734 0.111954 
0.0557679 0.973923 
0.270008 0.218942 
0.507396 0.49759 
0.5375 0.751786 
0.907357 0.87831 
0.847591 0.672948 
0.838965 0.979543 
0.0944295 0.696893 
0.688759 0.568807 
0.815871 0.000430909 
0.270615 0.6994 
0.212961 0.146416 
0.625389 0.326455 
0.811278 0.360805 
0.861661 0.346052 
0.221585 0.60223 
0.881786 0.277517 
0.0681459 0.71362 
0.385247 0.35445 
0.242563 0.324552 
0.869074 0.248961 
0.957788 0.414523 
0.689333 0.927326 
0.887189 0.784854 
0.757327 0.362247 
0.456804 0.290761 
0.396158 0.292789 
0.857424 0.79379 
0.458262 0.55423 
0.0957667 0.728017 
0.504111 0.38464 
0.562087 0.66211 
0.0683169 0.00766142 
0.798979 0.542377 
0.3996 0.449231 
0.92112 0.57847 
0.435714 0.0530088 
0.749108 0.578037 
0.239204 0.129351 
0.530386 0.401622 
0.186758 0.166047 
0.106395 0.570396 
0.90128 0.19576 
0.990906 0.995124 
0.39844 0.326093 
0.478905 0.268635 
0.304734 0.628137 
0.273814 0.632999 
0.773906 0.406596 
0.234428 0.778769 
0.0345096 0.620674 
0.164231 0.831755 
0.557632 0.275932 
0.453524 0.0272279 
0.802621 0.490865 
0.935994 0.655406 
0.121827 0.124772 
0.0484434 0.592834 
0.433624 0.778826 
0.290267 0.0193909 
0.927888 0.548053 
0.126848 0.689203 
0.581047 0.140749 
0.0371781 0.710625 
0.0733408 0.915222 
0.597072 0.313212 
0.355555 0.72959 
0.184815 0.0951806 
0.703535 0.0922545 
0.367411 0.133721 
0.600237 0.494008 
0.700381 0.364732 
0.061761 0.0499091 
0.148411 0.494986 
0.366336 0.988302 
0.387997 0.262255 
0.124694 0.515286 
0.922291 0.372074 
0.663726 0.200459 
0.729202 0.143076 
0.302809 0.692022 
0.610118 0.0389809 
0.489714 0.917419 
0.899864 0.164542 
0.859211 0.535263 
0.868812 0.168003 
0.33147 0.233869 
0.891128 0.369828 
0.0371101 0.77182 
0.195098 0.90559 
0.182402 0.620755 
0.949062 0.158064 
0.453818 0.869309 
0.32588 0.394405 
0.480895 0.85328 
0.331985 0.859393 
0.290151 0.164203 
0.11763 0.750222 
0.00354075 0.626154 
0.89248 0.0838451 
0.770876 0.555776 
0.254573 0.486326 
0.437442 0.0842953 
0.920784 0.0987745 
0.713528 0.0308095 
0.329607 0.712072 
0.788893 0.888902 
0.0257633 0.504992 
0.580284 0.743697 
0.371966 0.78307 
0.226261 0.903537 
0.276898 0.978458 
0.859804 0.931274 
0.393601 0.384588 
0.216273 0.177565 
0.487972 0.669786 
0.519837 0.97305 
0.633251 0.814126 
0.612674 0.713052 
0.424902 0.849913 
0.708157 0.314563 
0.138386 0.347445 
0.318484 0.48969 
0.322939 0.745235 
0.982109 0.0443967 
0.397994 0.124155 
0.471489 0.0528168 
0.625722 0.0909347 
0.960913 0.959516 
0.559349 0.309033 
0.952764 0.838688 
0.419834 0.552974 
0.900333 0.249256 
0.562808 0.511725 
0.406469 0.909598 
0.67771 0.109812 
0.595961 0.00931541 
0.706262 0.713181 
0.309926 0.659007 
0.723215 0.430724 
0.156496 0.955071 
0.598039 0.561656 
0.533631 0.432727 
0.243695 0.162423 
0.594356 0.461242 
0.278312 0.893965 
0.973817 0.861595 
0.0312845 0.474303 
0.105292 0.616138 
0.602058 0.813868 
0.660382 0.412053 
0.976254 0.892619 
0.273808 0.310681 
0.375097 0.102666 
0.559444 0.599498 
0.611039 0.614491 
0.852995 0.446176 
0.841236 0.369705 
0.931588 0.250415 
0.217139 0.804772 
0.753976 0.840742 
0.191149 0.847556 
0.0412827 0.16569 
0.845721 0.0156174 
0.591876 0.0659733 
0.724352 0.831278 
0.199382 0.344328 
0.066581 0.618161 
0.324018 0.603483 
0.719165 0.172693 
0.423902 0.171367 
0.0926266 0.295863 
0.472333 0.207778 
0.448673 0.412787 
0.504346 0.154761 
0.632694 0.0605045 
0.788152 0.854039 
0.289311 0.0808647 
0.629225 0.562301 
0.333409 0.545827 
0.740876 0.547395 
0.047056 0.134902 
0.435433 0.925022 
0.263681 0.451042 
0.422522 0.0230292 
0.920178 0.946224 
0.247943 0.0992822 
0.154343 0.862632 
0.45952 0.114417 
0.749185 0.181675 
0.260095 0.1892 
0.644136 0.385367 
0.589699 0.591735 
0.074453 0.531668 
0.84226 0.820922 
0.611485 0.744235 
0.603998 0.526044 
0.906684 0.0551759 
0.336333 0.0449847 
0.0889463 0.0310583 
0.705013 0.675427 
0.51585 0.869561 
0.402106 0.992469 
0.526471 0.107483 
0.89498 0.400818 
0.560089 0.826671 
0.418169 0.662591 
0.488004 0.883711 
0.167997 0.203802 
0.399942 0.719761 
0.63651 0.441887 
0.974076 0.609965 
0.25983 0.0703147 
0.639316 0.75835 
0.556252 0.567039 
0.174621 0.774434 
0.770359 0.776412 
0.560733 0.86129 
0.521032 0.931624 
0.784719 0.37729 
0.29197 0.784699 
0.0168038 0.977801 
0.302311 0.957401 
0.243231 0.714525 
0.97479 0.0747149 
0.270013 0.73067 
0.252473 0.655858 
0.457905 0.461286 
0.988435 0.203455 
0.606729 0.351565 
0.789939 0.686028 
0.530971 0.13841 
0.819864 0.89176 
0.86615 0.388572 
0.197818 0.458344 
0.624155 0.470568 
0.885392 0.908996 
0.614147 0.983137 
0.934805 0.0392432 
0.350784 0.0778238 
0.350055 0.620864 
0.280514 0.669725 
0.110987 0.362415 
0.825127 0.951665 
0.935169 0.864333 
0.699995 0.131791 
0.338126 0.364434 
0.0683766 0.842149 
0.622761 0.784771 
0.604992 0.25703 
0.651158 0.632728 
0.727844 0.111854 
0.511198 0.354183 
0.740084 0.0524701 
0.296259 0.33243 
0.703718 0.773327 
0.0689813 0.429272 
0.702214 0.955688 
0.207856 0.374395 
0.725097 0.976822 
0.960572 0.383437 
0.279812 0.279981 
0.142799 0.770109 
0.0122082 0.53305 
0.312026 0.104402 
0.804969 0.604182 
0.783881 0.34574 
0.613488 0.165394 
0.00218522 0.718288 
0.343424 0.455827 
0.668134 0.543871 
0.960637 0.0218077 
0.300442 0.723457 
0.494599 0.948275 
0.723302 0.20369 
0.565703 0.423004 
0.458711 0.61467 
0.796002 0.296626 
0.551195 0.632527 
0.0922355 0.450087 
0.776648 0.0938793 
0.949986 0.590208 
0.1563 0.637973 
0.264254 0.799143 
0.232479 0.204714 
0.0144258 0.149782 
0.523161 0.618483 
0.556879 0.120959 
0.627689 0.41193 
0.689987 0.161442 
0.325354 0.430287 
0.604846 0.952663 
0.0624592 0.744221 
0.50011 0.0663361 
0.0908976 0.386305 
0.320518 0.172233 
0.261022 0.00833314 
0.581477 0.712495 
0.893112 0.453616 
0.876246 0.87733 
0.98603 0.434373 
0.19767 0.0666924 
0.640541 0.221458 
0.860268 0.30147 
0.495465 0.734731 
0.837652 0.165508 
0.824459 0.0749883 
0.982478 0.34816 
0.718016 0.579528 
0.59452 0.771475 
0.211172 0.284771 
0.402242 0.194418 
0.0314803 0.741211 
0.64607 0.663488 
0.538225 0.492444 
0.863292 0.47576 
0.75822 0.119094 
0.694031 0.19253 
0.824228 0.43394 
0.136514 0.544187 
0.62159 0.875887 
0.800868 0.765904 
0.308971 0.810944 
0.277867 0.373192 
0.829919 0.545801 
0.336285 0.979615 
0.985554 0.832781 
0.477992 0.818087 
0.176917 0.0433212 
0.247567 0.293699 
0.0158254 0.839978 
0.468361 0.151993 
0.349598 0.160359 
0.777945 0.625848 
0.937539 0.811554 
0.656992 0.083499 
0.104536 0.667424 
0.728055 0.654518 
0.441169 0.80919 
0.434839 0.723041 
0.17035 0.443467 
0.788183 0.127924 
0.0773396 0.32308 
0.0448172 0.561889 
0.806602 0.102694 
0.718532 0.800708 
0.161397 0.595112 
0.137184 0.575405 
0.50514 0.833562 
0.733742 0.894641 
0.21245 0.931543 
0.151736 0.292659 
0.917403 0.680304 
0.0921851 0.264648 
0.639147 0.354525 
0.238628 0.361299 
0.0809 0.354106 
0.133908 0.839077 
0.728288 0.350666 
0.0121812 0.0526452 
0.0661665 0.245769 
0.0431366 0.41179 
0.375401 0.178303 
0.565105 0.0908361 
0.534927 0.782934 
0.634825 0.188354 
0.841883 0.610493 
0.994726 0.265695 
0.738569 0.457883 
0.794002 0.95179 
0.448443 0.751252 
0.848474 0.272499 
0.0358312 0.238363 
0.192388 0.591083 
0.662541 0.824733 
0.965843 0.721828 
0.122789 0.443691 
0.530391 0.587976 
0.686317 0.896337 
0.520442 0.321561 
0.779626 0.174351 
0.951726 0.353507 
0.851636 0.504852 
0.357149 0.956308 
0.890986 0.30739 
0.542673 0.217308 
0.156669 0.799951 
0.96103 0.260864 
0.308807 0.88036 
0.00862489 0.875761 
0.671554 0.724764 
0.877752 0.623086 
0.603462 0.907973 
0.30697 0.361799 
0.448745 0.228304 
0.466148 0.723741 
0.0975858 0.416789 
0.156414 0.174783 
0.238184 0.683675 
0.276618 0.828857 
0.229807 0.465009 
0.407103 0.940843 
0.339834 0.576467 
0.951693 0.783847 
0.235673 0.0451677 
0.928965 0.402559 
0.0522709 0.341671 
0.635396 0.143108 
0.821815 0.742938 
0.0265733 0.948225 
0.377083 0.646104 
0.0936682 0.860337 
0.194237 0.25851 
