0.379204 0.240427 
0.516279 0.858843 
0.967703 0.150483 
0.567249 0.344007 
0.129871 0.435565 
0.11913 0.66542 
0.426902 0.753639 
0.514606 0.41612 
0.107492 0.52143 
0.0711609 0.669088 
0.516665 0.543056 
0.571579 0.923135 
0.6893 0.29196 
0.807084 0.623826 
0.680752 0.227782 
0.795744 0.136781 
0.14418 0.947603 
0.00343129 0.866581 
0.683972 0.394479 
0.960926 0.119311 
0.336152 0.316065 
0.586227 0.482745 
0.605531 0.764479 
0.370014 0.0685065 
0.822934 0.298012 
0.899757 0.277354 
0.711991 0.339129 
0.11319 0.409225 
0.592939 0.148963 
0.644877 0.719365 
0.894768 0.0357923 
0.280597 0.370761 
0.518087 0.980764 
0.891609 0.507112 
0.0591342 0.0168912 
0.476329 0.569457 
0.193711 0.721527 
0.294574 0.870403 
0.96994 0.373813 
0.622779 0.24657 
0.577159 0.751555 
0.051579 0.82935 
0.0317665 0.853462 
0.252631 0.213684 
0.338834 0.0664831 
0.824465 0.712385 
0.41468 0.411749 
0.971098 0.246993 
0.308253 0.0500964 
0.335818 0.035382 
0.809994 0.654838 
0.224161 0.0140955 
0.851645 0.729757 
0.189351 0.479812 
0.875471 0.600676 
0.984061 0.190073 
0.174132 0.938778 
0.263884 0.0939216 
0.658938 0.619118 
0.86544 0.812048 
0.035521 0.743006 
0.677315 0.424838 
0.279045 0.491497 
0.791522 0.105845 
0.123441 0.0720337 
0.226516 0.858433 
0.917435 0.559878 
0.326665 0.617129 
0.0877633 0.364619 
0.635129 0.469762 
0.831349 0.421303 
0.609164 0.66805 
0.42417 0.521528 
0.935338 0.61686 
0.439515 0.267817 
0.487673 0.249583 
0.384657 0.481881 
0.547729 0.990687 
0.954889 0.178957 
0.342836 0.202093 
0.0716546 0.616664 
0.836322 0.204142 
0.87459 0.0119292 
0.387848 0.0941517 
0.659961 0.451078 
0.152496 0.0605387 
0.442381 0.397617 
0.92547 0.529779 
0.319375 0.785414 
0.8161 0.501939 
0.451096 0.968503 
0.923833 0.175814 
0.014987 0.827143 
0.377895 0.512226 
0.0594569 0.877874 
0.348677 0.433691 
0.677803 0.263043 
0.734313 0.904024 
0.401386 0.218501 
0.0536448 0.275782 
0.419189 0.916582 
0.865231 0.52366 
0.0806799 0.260181 
0.716336 0.722671 
0.951123 0.312012 
0.534442 0.127701 
0.561471 0.0325206 
0.459095 0.912063 
0.356241 0.173904 
0.496902 0.293345 
0.765599 0.365224 
0.813301 0.467071 
0.111034 0.714663 
0.735884 0.665623 
0.191774 0.806931 
0.654281 0.403972 
0.597672 0.312329 
0.19226 0.0319919 
0.857833 0.383136 
0.183464 0.583092 
0.587918 0.564536 
0.951838 0.716957 
0.0951715 0.0587268 
0.300678 0.976867 
0.972043 0.903198 
0.738417 0.872995 
0.371249 0.855212 
0.758379 0.396687 
0.883241 0.693466 
0.77638 0.336043 
0.893242 0.539013 
0.71327 0.534106 
0.257058 0.8648 
0.0942197 0.740922 
0.250129 0.364222 
0.637025 0.833533 
0.99599 0.578134 
0.420437 0.962492 
0.93979 0.0639326 
0.115856 0.378155 
0.287452 0.0734078 
0.0989967 0.316271 
0.555171 0.482086 
0.834304 0.527174 
0.578055 0.288177 
0.18659 0.776183 
0.385995 0.68028 
0.0396692 0.246543 
0.852103 0.783821 
0.0127742 0.328951 
0.750332 0.0302698 
0.04303 0.682523 
0.479115 0.128358 
0.662837 0.750777 
0.319797 0.445273 
0.195882 0.864337 
0.341963 0.562548 
0.655765 0.0250097 
0.660932 0.373614 
0.988392 0.95886 
0.739998 0.549996 
0.377095 0.307794 
0.907013 0.62987 
0.967298 0.525522 
0.193372 0.51677 
0.179646 0.120431 
0.553739 0.197046 
0.480491 0.190438 
0.411302 0.349812 
0.83627 0.756915 
0.854705 0.935549 
0.875224 0.446798 
0.623577 0.0251685 
0.514057 0.759164 
0.773347 0.549316 
0.314569 0.543318 
0.436448 0.326193 
0.622988 0.134653 
0.109566 0.489388 
0.848591 0.584946 
0.159598 0.319548 
0.444148 0.610059 
0.336961 0.521729 
0.293748 0.104005 
0.695057 0.48356 
0.871467 0.483375 
0.362117 0.740147 
0.683987 0.544562 
0.3043 0.840759 
0.0190912 0.964633 
0.612673 0.902576 
0.544131 0.706148 
0.254033 0.33294 
0.911928 0.900312 
0.166937 0.825785 
0.842667 0.14233 
0.00174544 0.378602 
0.794594 0.376498 
0.603697 0.729752 
0.43288 0.888525 
0.220171 0.484237 
0.606045 0.458817 
0.262793 0.681226 
0.584951 0.200126 
0.130239 0.279445 
0.867325 0.630752 
0.821605 0.119295 
0.458291 0.525336 
0.00313616 0.608469 
0.901618 0.749235 
0.630159 0.876628 
0.686903 0.600011 
0.256293 0.271322 
0.319938 0.93182 
0.173048 0.255591 
0.408142 0.869481 
0.0948333 0.151349 
0.571269 0.455516 
0.57777 0.254981 
0.178126 0.615793 
0.837977 0.239873 
0.471078 0.275944 
0.165619 0.735001 
0.0271143 0.576581 
0.991094 0.637398 
0.032366 0.0489978 
0.0080521 0.993864 
0.924794 0.328717 
0.135338 0.506903 
0.339506 0.649419 
0.58068 0.0576148 
0.390618 0.798162 
0.0713288 0.171929 
0.676202 0.915859 
0.974346 0.695371 
0.239361 0.0745608 
0.273186 0.838093 
0.263439 0.155026 
0.843593 0.450732 
0.715935 0.174718 
0.242655 0.831733 
0.660854 0.147065 
0.323629 0.816284 
0.0321408 0.915618 
0.447874 0.0776487 
0.0288639 0.111634 
0.839904 0.0373912 
0.606199 0.427749 
0.021401 0.141962 
0.14701 0.376878 
0.801676 0.562199 
0.734913 0.360152 
0.224263 0.968222 
0.815693 0.0571504 
0.0405499 0.166635 
0.200572 0.184 
0.618 0.206029 
0.667866 0.814993 
0.123263 0.1643 
0.295742 0.600126 
0.938129 0.688949 
0.16345 0.972175 
0.747277 0.965395 
0.862556 0.903679 
0.164549 0.531251 
0.906567 0.598715 
0.246235 0.716091 
0.214447 0.586099 
0.525205 0.209587 
0.134152 0.538034 
0.539594 0.0548505 
0.970667 0.0889245 
0.740077 0.779249 
0.718697 0.99386 
0.469281 0.993916 
0.78717 0.490509 
0.570869 0.170991 
0.180485 0.0744286 
0.748046 0.605673 
0.888432 0.388893 
0.483639 0.159247 
0.654376 0.303103 
0.821732 0.7911 
0.292249 0.917388 
0.503692 0.109107 
0.947803 0.395747 
0.0388852 0.988799 
0.617512 0.626483 
0.63964 0.0519815 
0.778692 0.0434309 
0.370915 0.823783 
0.337563 0.261678 
0.306786 0.387602 
0.719961 0.63887 
0.0851001 0.395687 
0.424456 0.167011 
0.729973 0.0539983 
0.19501 0.338273 
0.131249 0.884336 
0.678695 0.00352129 
0.134587 0.853163 
0.316891 0.18474 
0.313887 0.667065 
0.206066 0.834754 
0.470149 0.627096 
0.115048 0.562645 
0.162034 0.464852 
0.235235 0.745228 
0.733586 0.696709 
0.335785 0.958725 
0.33569 0.376024 
0.779291 0.745657 
0.909021 0.355589 
0.0164629 0.440105 
0.222258 0.220917 
0.670853 0.655633 
0.0202795 0.546177 
0.936638 0.147338 
0.263582 0.0532481 
0.362617 0.539303 
0.113082 0.944624 
0.58486 0.369626 
0.514288 0.667263 
0.894118 0.308004 
0.00850719 0.244821 
0.825919 0.382705 
0.384071 0.159746 
0.842396 0.173541 
0.606586 0.826499 
0.563334 0.583553 
0.637196 0.429928 
0.743553 0.934325 
0.301179 0.728238 
0.0102425 0.409556 
0.142982 0.345954 
0.676144 0.883595 
0.201208 0.0978156 
0.749395 0.736744 
0.893018 0.209447 
0.832795 0.913235 
0.363561 0.973108 
0.758333 0.0671308 
0.352345 0.880027 
0.142232 0.250612 
0.404118 0.452757 
0.027915 0.0180473 
0.5423 0.444282 
0.634426 0.163683 
0.314982 0.285315 
0.261284 0.921363 
0.397047 0.536704 
0.87277 0.0823932 
0.512793 0.949957 
0.38801 0.918239 
0.8042 0.406091 
0.472727 0.317335 
0.84586 0.354394 
0.477883 0.371752 
0.964846 0.577176 
0.184899 0.909468 
0.22295 0.80756 
0.00532407 0.298653 
0.287296 0.267918 
0.036365 0.301761 
0.0766345 0.527278 
0.740397 0.518901 
0.959664 0.280191 
0.639405 0.99818 
0.601723 0.967249 
0.575812 0.811707 
0.501368 0.512992 
0.661941 0.976477 
0.536848 0.9273 
0.247382 0.543499 
0.162113 0.226356 
0.043655 0.773124 
0.1446 0.68337 
0.285731 0.410543 
0.00549802 0.696728 
0.764745 0.677344 
0.0887919 0.89187 
0.151254 0.917187 
0.88242 0.724637 
0.518376 0.270804 
0.498123 0.640679 
0.914559 0.441516 
0.487301 0.826743 
0.155588 0.5626 
0.425324 0.993367 
0.476187 0.461747 
0.171925 0.698883 
0.601248 0.343214 
0.357434 0.936222 
0.705047 0.108223 
0.711106 0.427532 
0.939601 0.851199 
0.671443 0.573014 
0.77638 0.618582 
0.154292 0.029348 
0.0740533 0.465455 
0.566062 0.225674 
0.426736 0.236638 
0.314847 0.215886 
0.270578 0.742225 
0.0995318 0.285072 
0.566459 0.109897 
0.208192 0.133129 
0.355806 0.142678 
0.992093 0.130987 
0.630425 0.928355 
0.0688827 0.304363 
0.28443 0.339847 
0.126976 0.635264 
0.320558 0.486544 
0.511601 0.577592 
0.144338 0.407947 
0.0740923 0.949612 
0.373997 0.203593 
0.457739 0.673657 
0.710784 0.219498 
0.923495 0.297566 
0.100184 0.22411 
0.825956 0.849987 
0.12969 0.310645 
0.473904 0.498476 
0.596667 0.533308 
0.973203 0.858745 
0.792616 0.897086 
0.0398236 0.0823812 
0.195409 0.277353 
0.836527 0.613658 
0.00300131 0.0368967 
0.83056 0.978028 
0.72275 0.309946 
0.310186 0.246728 
0.460495 0.345955 
0.0636169 0.047837 
0.381999 0.338554 
0.64547 0.273293 
0.902077 0.146771 
0.256573 0.802772 
0.40978 0.381041 
0.529211 0.639966 
0.909483 0.676631 
0.448905 0.810931 
0.657042 0.944829 
0.132167 0.785162 
0.893605 0.10567 
0.301489 0.134269 
0.546606 0.25 
0.952258 0.00816413 
0.339912 0.761978 
0.418031 0.815291 
0.94006 0.0951721 
0.480065 0.0886669 
0.700734 0.0650377 
0.50797 0.385763 
0.513312 0.0717756 
0.218278 0.702366 
0.142204 0.714435 
0.157843 0.63943 
0.639196 0.500571 
0.400118 0.186532 
0.855794 0.266762 
0.683814 0.35228 
0.86078 0.298619 
0.653742 0.243275 
0.0257949 0.357298 
0.373988 0.651576 
0.890039 0.778211 
0.52813 0.305264 
0.458933 0.748218 
0.332108 0.731833 
0.405011 0.704907 
0.382649 0.887491 
0.40618 0.318942 
0.773771 0.305027 
0.780486 0.223061 
0.779258 0.649782 
0.0327121 0.71195 
0.341584 0.909317 
0.856149 0.841878 
0.0280383 0.515996 
0.812741 0.163189 
0.6063 0.17715 
0.865855 0.194105 
0.398029 0.839222 
0.0289619 0.884558 
0.918176 0.930945 
0.941724 0.952096 
0.580038 0.609765 
0.709687 0.571009 
0.387745 0.010021 
0.304989 0.316426 
0.222254 0.776397 
0.981611 0.0596665 
0.200428 0.993782 
0.989157 0.547731 
0.69099 0.452747 
0.455882 0.0474461 
0.816728 0.589536 
0.278725 0.999161 
0.0880997 0.12084 
0.446558 0.0163063 
0.735357 0.11569 
0.0701008 0.987643 
0.120256 0.133187 
0.0598333 0.10753 
0.941746 0.426317 
0.0778167 0.852624 
0.418936 0.628246 
0.485759 0.539855 
0.934874 0.585693 
0.58327 0.891889 
0.373033 0.453047 
0.0468568 0.197217 
0.284383 0.0299337 
0.725014 0.491873 
0.749554 0.999014 
0.455229 0.172134 
0.322802 0.414303 
0.220066 0.426198 
0.898733 0.468334 
0.259344 0.39399 
0.121131 0.0367906 
0.476953 0.797304 
0.772965 0.518198 
0.717702 0.279243 
0.074967 0.336167 
0.85598 0.873121 
0.123735 0.59256 
0.802969 0.193035 
0.291046 0.812541 
0.151497 0.133999 
0.80478 0.323319 
0.62767 0.326827 
0.174059 0.361369 
0.655682 0.781166 
0.600758 0.865958 
0.47681 0.024245 
0.256704 0.643455 
0.655733 0.858608 
0.209198 0.617736 
0.834037 0.819805 
0.796085 0.250194 
0.0482491 0.492272 
0.62762 0.36128 
0.137336 0.815924 
0.0265436 0.629046 
0.752029 0.461228 
0.570111 0.510149 
0.448681 0.297573 
0.757206 0.575924 
0.127808 0.745044 
0.438357 0.549175 
0.247467 0.989148 
0.769571 0.875919 
0.107488 0.19182 
0.084316 0.557479 
0.0707963 0.0782726 
0.647934 0.902401 
0.952784 0.497955 
0.201277 0.67627 
0.34414 0.839777 
0.487833 0.968765 
0.983849 0.829388 
0.774995 0.424352 
0.204568 0.75073 
0.0589835 0.575856 
0.272147 0.892106 
0.431443 0.43794 
0.573217 0.954366 
0.693193 0.743594 
0.931646 0.740747 
0.120244 0.913554 
0.10477 0.770264 
0.991779 0.668726 
0.367001 0.0333883 
0.0216557 0.659833 
0.547751 0.281118 
0.997271 0.16178 
0.186329 0.155863 
0.503876 0.00860609 
0.675992 0.71757 
0.765964 0.815818 
0.493805 0.218837 
0.421348 0.784287 
0.602521 0.795549 
0.892211 0.419821 
0.490404 0.734383 
0.087479 0.588481 
0.226458 0.280441 
0.377696 0.594603 
0.135424 0.00444643 
0.996879 0.51574 
0.589766 0.640545 
0.397582 0.764149 
0.323195 0.0935347 
0.558569 0.0796761 
0.926014 0.0358875 
0.21065 0.891833 
0.929983 0.265901 
0.235601 0.939126 
0.231652 0.104837 
0.84036 0.482445 
0.326895 0.154968 
0.680546 0.0888708 
0.687154 0.51363 
0.799418 0.86657 
0.344159 0.464611 
0.165746 0.50013 
0.988993 0.349139 
0.274216 0.577656 
0.927056 0.207605 
0.51053 0.182075 
0.711564 0.791999 
0.579866 0.842681 
0.743261 0.430178 
0.604494 0.27177 
0.566769 0.541768 
0.0862857 0.426855 
0.905186 0.0692099 
0.619998 0.0951521 
0.817392 0.0883489 
0.415745 0.481587 
0.931118 0.652042 
0.927364 0.804064 
0.428516 0.845852 
0.416064 0.0232227 
0.513744 0.151059 
0.330919 0.123801 
0.0514385 0.545616 
0.209946 0.0640096 
0.302708 0.513365 
0.248461 0.497244 
0.457156 0.211112 
0.624252 0.393053 
0.824423 0.94336 
0.19893 0.449694 
0.283829 0.548061 
0.867477 0.75665 
0.158891 0.0970466 
0.688344 0.944715 
0.219493 0.314162 
0.57707 0.00149802 
0.485066 0.857904 
0.0626426 0.908936 
0.111136 0.253349 
0.357112 0.00372094 
0.311948 0.0152197 
0.106077 0.865871 
0.826213 0.882674 
0.0791635 0.496218 
0.0662605 0.794629 
0.546356 0.841789 
0.826579 0.681231 
0.313307 0.353335 
0.98155 0.318853 
0.797135 0.928048 
0.202559 0.245217 
0.648326 0.0819877 
0.500031 0.48167 
0.552641 0.898269 
0.226955 0.394536 
0.0325201 0.387747 
0.484399 0.599465 
0.231179 0.19099 
0.557726 0.384787 
0.685183 0.166644 
0.357054 0.623732 
0.799863 0.820169 
0.745467 0.842219 
0.26873 0.520857 
0.252931 0.770871 
0.102779 0.453319 
0.669984 0.0594575 
0.394216 0.0487412 
0.861746 0.975713 
0.239371 0.135111 
0.0561165 0.366576 
0.9171 0.401085 
0.544613 0.81061 
0.0348039 0.803038 
0.730691 0.146556 
0.885947 0.882922 
0.248805 0.30221 
0.0376522 0.462964 
0.972038 0.433644 
0.627524 0.529654 
0.958575 0.342292 
0.457389 0.242288 
0.517211 0.239693 
0.574681 0.667763 
0.95919 0.209874 
0.870627 0.156204 
0.425155 0.053115 
0.596611 0.117968 
0.91123 0.961412 
0.717851 0.0251502 
0.805623 0.027573 
0.233796 0.0438166 
0.302263 0.759371 
0.774721 0.98043 
0.658761 0.183184 
0.305249 0.696959 
0.640965 0.646917 
0.056378 0.407827 
0.218553 0.555242 
0.225401 0.345262 
0.798383 0.770359 
0.281719 0.782805 
0.392519 0.733427 
0.783092 0.459672 
0.832559 0.558258 
0.722874 0.753189 
0.778517 0.162801 
0.971983 0.607516 
0.352245 0.494646 
0.325228 0.864589 
0.941623 0.910288 
0.386571 0.425048 
0.0432318 0.94481 
0.35039 0.800301 
0.0575658 0.438985 
0.624104 0.295922 
0.96511 0.979686 
0.102793 0.615622 
0.770779 0.784943 
0.608127 0.997866 
0.00457816 0.795054 
0.104325 0.00148825 
0.485341 0.0578597 
0.518491 0.827694 
0.3139 0.894909 
0.503166 0.323833 
0.27972 0.298162 
0.559557 0.633166 
0.351683 0.402717 
0.438466 0.724732 
0.40844 0.140213 
0.483864 0.766896 
0.715625 0.851562 
0.701065 0.663809 
0.0966615 0.687008 
0.156113 0.164904 
0.952309 0.777127 
0.991248 0.270813 
0.592986 0.399621 
0.462882 0.879876 
0.472086 0.941769 
0.726754 0.0853602 
0.522682 0.889406 
0.417146 0.0833149 
0.6886 0.197621 
0.745682 0.330974 
0.23141 0.455199 
0.0440494 0.332 
0.440977 0.938951 
0.568078 0.781431 
0.368304 0.774809 
0.162346 0.286737 
0.843813 0.00635886 
0.344349 0.346109 
0.686061 0.773967 
0.355132 0.676327 
0.497038 0.922964 
0.191472 0.215731 
0.459232 0.840376 
0.929876 0.468825 
0.671237 0.686783 
0.805189 0.996309 
0.0818231 0.821682 
0.769378 0.266237 
0.111021 0.832702 
0.00325895 0.902296 
0.952404 0.822712 
0.959781 0.636202 
0.022596 0.272665 
0.0164173 0.186451 
0.720944 0.461055 
0.589719 0.0875079 
0.600091 0.936009 
0.0990655 0.0915818 
0.707269 0.91978 
0.0966623 0.971204 
0.442882 0.496722 
0.541243 0.52405 
0.648457 0.212586 
0.0105663 0.0714112 
0.468092 0.709876 
0.914207 0.00695822 
0.19341 0.963342 
0.077628 0.202521 
0.254937 0.0194862 
0.739605 0.257107 
0.822402 0.266871 
0.355456 0.101442 
0.687648 0.033571 
0.0904991 0.923044 
0.704281 0.822395 
0.161748 0.795029 
0.162255 0.88798 
0.27752 0.440571 
0.0685356 0.700486 
0.950693 0.880399 
0.287819 0.948341 
0.608293 0.596788 
0.684705 0.846799 
0.276592 0.709134 
0.859809 0.668259 
0.424772 0.113607 
0.444938 0.645303 
0.962346 0.746334 
0.97368 0.799872 
0.222071 0.161119 
0.979675 0.403429 
0.921292 0.120136 
0.658267 0.525102 
0.560251 0.313698 
0.74872 0.171999 
0.170399 0.192679 
0.533185 0.365703 
0.896497 0.808752 
0.716998 0.607892 
0.645552 0.113082 
0.0436483 0.602997 
0.205146 0.370572 
0.40692 0.260699 
0.960632 0.667363 
0.173971 0.39254 
0.427509 0.201471 
0.155499 0.764487 
0.679474 0.321487 
0.283827 0.212415 
0.960859 0.465626 
0.941949 0.235875 
0.455487 0.107953 
0.589281 0.695245 
0.416461 0.664467 
0.562416 0.868592 
0.488714 0.433304 
0.774023 0.94914 
0.539515 0.169053 
0.111803 0.344725 
0.632913 0.964763 
0.233466 0.250042 
0.381778 0.563782 
0.764754 0.911304 
0.839448 0.644673 
0.377708 0.27156 
0.863495 0.554751 
0.542188 0.560774 
0.44678 0.579092 
0.811649 0.223189 
0.871207 0.329131 
0.546005 0.750601 
0.785529 0.588816 
0.76124 0.0982389 
0.491565 0.892212 
0.762473 0.708421 
0.481832 0.402583 
0.892723 0.178237 
0.511382 0.0405859 
0.608376 0.504526 
0.388148 0.623888 
0.632937 0.802569 
0.127756 0.974163 
0.544422 0.67503 
0.533518 0.0185287 
0.348995 0.232669 
0.689854 0.630981 
0.267134 0.186034 
0.885842 0.851658 
0.532296 0.0965668 
0.225475 0.519849 
0.641338 0.678035 
0.1392 0.191163 
0.982362 0.48817 
0.776594 0.845202 
0.0882316 0.0282628 
0.865528 0.225296 
0.983167 0.0127601 
0.996466 0.732436 
0.618857 0.567545 
0.958355 0.0388052 
0.991141 0.458269 
0.545558 0.413379 
0.814774 0.352798 
0.298855 0.631079 
0.912588 0.835524 
0.346633 0.593291 
0.504028 0.354917 
0.437488 0.366895 
0.771582 0.193197 
0.735142 0.200054 
0.809989 0.740087 
0.013506 0.765101 
0.592505 0.0286918 
0.131287 0.221378 
0.734862 0.812803 
0.171396 0.667473 
0.934017 0.982793 
0.789117 0.0742567 
0.88901 0.572622 
0.888528 0.92107 
0.883717 0.250622 
0.87811 0.359508 
0.536869 0.780401 
0.0935397 0.646237 
0.948709 0.550525 
0.74966 0.227634 
0.795693 0.2829 
0.891406 0.985578 
0.542431 0.959874 
0.260391 0.466571 
0.154767 0.595194 
0.513666 0.699707 
0.258834 0.960033 
0.368212 0.707883 
0.751021 0.636657 
0.664027 0.481887 
0.408806 0.598561 
0.270193 0.124523 
0.0735805 0.764309 
0.654048 0.343291 
0.646841 0.554012 
0.445511 0.140013 
0.105573 0.801446 
0.700329 0.139365 
0.296157 0.465506 
0.913997 0.869119 
0.676042 0.119778 
0.79319 0.713796 
0.762922 0.133778 
0.445368 0.465741 
0.368003 0.366366 
0.329394 0.989298 
0.85248 0.698572 
0.921316 0.773445 
0.0227197 0.217026 
0.29323 0.164382 
0.869089 0.125031 
0.938386 0.366037 
0.487427 0.682958 
0.459125 0.423807 
0.381346 0.124704 
0.12819 0.102947 
0.417604 0.289961 
0.170464 0.002617 
0.0148556 0.486222 
0.843561 0.0712791 
0.268718 0.241601 
0.188488 0.307779 
0.574526 0.42462 
0.542856 0.606944 
0.00643861 0.933363 
0.238146 0.606283 
0.693236 0.975643 
0.52319 0.729365 
0.412916 0.567482 
0.910768 0.235095 
0.887693 0.654333 
0.0645026 0.73142 
0.268154 0.61452 
0.204898 0.933438 
0.921643 0.498865 
0.913739 0.712197 
0.643086 0.59007 
0.706212 0.250315 
0.80221 0.530467 
0.718506 0.95309 
0.84775 0.102237 
0.61111 0.0647421 
0.130934 0.466708 
0.0672855 0.231979 
0.451998 0.778588 
0.982688 0.769996 
0.80204 0.965201 
0.512551 0.453239 
0.434118 0.693903 
0.394197 0.979449 
0.161907 0.433698 
0.189638 0.419487 
0.795446 0.682711 
0.562727 0.140891 
0.778084 0.0120785 
0.194029 0.64543 
0.352056 0.289266 
0.968084 0.934589 
0.861621 0.414037 
0.509164 0.796852 
0.84053 0.323711 
0.988349 0.220995 
0.804607 0.437199 
0.313212 0.574393 
0.631798 0.747656 
0.701425 0.695128 
0.527494 0.496189 
0.0545514 0.642717 
0.241374 0.897325 
0.708389 0.884809 
0.747472 0.288362 
0.225581 0.644209 
0.706726 0.373302 
0.232375 0.674591 
0.756102 0.492059 
0.881576 0.951542 
0.165568 0.856946 
0.7262 0.399025 
0.0608751 0.140573 
0.512369 0.613032 
0.251133 0.42403 
0.537504 0.334916 
0.57158 0.720881 
0.619944 0.700662 
0.187562 0.552225 
0.28399 0.658423 
0.385753 0.94938 
0.867771 0.0515248 
0.381649 0.394328 
0.243274 0.574349 
0.336116 0.700955 
0.999611 0.100674 
0.597027 0.229072 
