0.0072681 0.00136647
0.0333922 0.010051
0.0612919 0.0152532
0.125305 0.0142731
0.166705 0.0100643
0.193133 0.003345
0.227097 0.00155968
0.258621 0.013123
0.329363 0.010405
0.362062 0.0179393
0.392155 0.0143799
0.456418 0.016747
0.478554 0.00326418
0.502721 0.0131626
0.531381 0.0176715
0.585389 0.0126554
0.647839 0.015165
0.690842 0.00417585
0.715181 0.0141449
0.740351 0.00514078
0.772311 0.00269914
0.80302 0.0129844
0.827196 0.00215622
0.869454 0.00612602
0.927541 0.00339583
0.957385 0.0133334
0.984025 0.0133311
0.0972386 0.0196485
0.140651 0.0354287
0.188192 0.0286821
0.294355 0.0195715
0.421785 0.025464
0.559256 0.0234794
0.612191 0.0197178
0.68114 0.0311889
0.737737 0.0317746
0.779337 0.0306798
0.842778 0.0237956
0.903579 0.0328973
0.00272821 0.0386363
0.0380966 0.0538282
0.0751077 0.0498336
0.166176 0.0427839
0.207054 0.0475979
0.24322 0.0368851
0.269071 0.0369614
0.293651 0.0522663
0.325625 0.0383323
0.355391 0.0475097
0.382507 0.0399104
0.454667 0.0459855
0.49082 0.0474526
0.517098 0.039333
0.548663 0.0482251
0.588173 0.0475311
0.621519 0.043598
0.647223 0.0464244
0.705778 0.0454323
0.811555 0.0371643
0.882537 0.0526381
0.940299 0.0456531
0.973144 0.0517007
0.119377 0.0593702
0.149803 0.0639178
0.241244 0.0686813
0.268815 0.0649061
0.317103 0.0630531
0.405522 0.0560935
0.510657 0.0641252
0.5733 0.0682603
0.669652 0.0607241
0.728088 0.0619574
0.752779 0.0695815
0.776787 0.0580405
0.799828 0.0691617
0.826672 0.05772
0.852808 0.0619866
0.914348 0.0577327
0.955866 0.0709997
0.013957 0.0844412
0.0555713 0.0850204
0.0830204 0.0756336
0.106512 0.0868235
0.184272 0.0741565
0.21349 0.075679
0.299019 0.0816283
0.32985 0.085788
0.389144 0.0789984
0.427625 0.0722112
0.468908 0.0838619
0.535557 0.0817206
0.603867 0.0726022
0.630423 0.0754483
0.6531 0.0875308
0.712064 0.0866237
0.824865 0.083439
0.879403 0.0783175
0.904122 0.0865828
0.9321 0.0803871
0.98831 0.0901537
0.0419464 0.107814
0.0818713 0.106773
0.149634 0.0929194
0.234653 0.095332
0.271897 0.093674
0.356892 0.0902458
0.389739 0.106448
0.412317 0.0934348
0.439492 0.103229
0.497742 0.0951214
0.590039 0.0962489
0.615973 0.0971787
0.680032 0.0996957
0.749572 0.107474
0.775723 0.0933596
0.80196 0.0990899
0.843792 0.101734
0.957365 0.101715
0.014942 0.111418
0.122707 0.11868
0.188265 0.108591
0.212875 0.115843
0.293025 0.114207
0.354527 0.119248
0.407935 0.124878
0.471371 0.109505
0.528807 0.111764
0.560495 0.113265
0.605913 0.122522
0.631094 0.118099
0.662211 0.123435
0.710568 0.118453
0.790138 0.12197
0.815988 0.124067
0.863278 0.125692
0.890498 0.109938
0.920421 0.109882
0.991505 0.123655
0.0438499 0.136389
0.0690963 0.129376
0.145635 0.132898
0.177016 0.140848
0.221778 0.139754
0.248099 0.130568
0.318885 0.128789
0.377141 0.138222
0.442112 0.141823
0.488468 0.128872
0.512152 0.144229
0.55431 0.138495
0.642218 0.141361
0.688205 0.132961
0.731162 0.133559
0.769787 0.13843
0.838719 0.135639
0.900782 0.140716
0.937499 0.134087
0.970278 0.138059
0.00671595 0.148876
0.061357 0.155094
0.0874456 0.153821
0.113116 0.145063
0.272025 0.14539
0.297639 0.153637
0.344771 0.156789
0.387057 0.162089
0.479406 0.158224
0.580585 0.146003
0.615214 0.15078
0.705678 0.151889
0.797931 0.160271
0.824076 0.158123
0.921892 0.160903
0.0391141 0.167664
0.077229 0.177841
0.125486 0.167961
0.163971 0.16425
0.198575 0.163601
0.234955 0.171115
0.365024 0.175335
0.412591 0.164859
0.456517 0.171028
0.508836 0.171138
0.55143 0.168938
0.599071 0.175771
0.655249 0.169981
0.682462 0.177658
0.749618 0.174308
0.776505 0.174956
0.861658 0.167739
0.946253 0.170074
0.987294 0.177065
0.0158449 0.182207
0.0491464 0.194511
0.103283 0.195176
0.146668 0.184643
0.178302 0.186688
0.209007 0.190397
0.257772 0.183716
0.281956 0.195264
0.310527 0.188893
0.403981 0.191719
0.540655 0.196784
0.586887 0.198338
0.631481 0.180834
0.70781 0.181817
0.829877 0.184091
0.859303 0.194329
0.892481 0.186345
0.922055 0.190683
0.963739 0.190889
0.0168366 0.213368
0.0731449 0.205656
0.152713 0.213458
0.238641 0.202429
0.301549 0.214292
0.345612 0.200521
0.384743 0.211505
0.42661 0.205452
0.473383 0.20338
0.51569 0.202135
0.564067 0.209948
0.609253 0.2131
0.663401 0.199114
0.700248 0.210984
0.726208 0.204793
0.762896 0.199095
0.804946 0.200456
0.839896 0.213374
0.875115 0.215009
0.987083 0.204388
0.0513278 0.221572
0.0842981 0.230716
0.124309 0.217352
0.182933 0.219437
0.211425 0.219074
0.250282 0.227431
0.330445 0.222586
0.357927 0.225532
0.408926 0.229153
0.450399 0.21869
0.47321 0.231979
0.542619 0.226337
0.586173 0.228049
0.642287 0.221537
0.671154 0.23221
0.718359 0.231919
0.761932 0.226123
0.794711 0.230094
0.820669 0.230465
0.909728 0.220741
0.935196 0.218043
0.961521 0.222939
0.000210212 0.250077
0.0292182 0.235731
0.0613774 0.248757
0.105352 0.246275
0.151005 0.243075
0.229312 0.248472
0.26118 0.25067
0.285474 0.238472
0.347487 0.250905
0.386897 0.249681
0.426103 0.250413
0.507406 0.239578
0.621355 0.240996
0.646543 0.250784
0.69854 0.250795
0.867105 0.243561
0.928353 0.247049
0.991377 0.238371
0.0317053 0.261118
0.0804328 0.266131
0.13921 0.270142
0.187658 0.25874
0.211699 0.268963
0.283608 0.264673
0.32133 0.253215
0.454507 0.255925
0.485829 0.256165
0.515725 0.265738
0.542507 0.261139
0.569379 0.259432
0.600217 0.256122
0.739703 0.257002
0.76787 0.256184
0.824255 0.256013
0.850373 0.262899
0.904711 0.259827
0.965108 0.254478
0.988315 0.270333
0.0520912 0.277383
0.0998231 0.284401
0.18293 0.284478
0.233303 0.283248
0.258892 0.276943
0.311809 0.278848
0.337753 0.276595
0.383207 0.28319
0.437448 0.277942
0.468871 0.279992
0.495646 0.283919
0.564063 0.28446
0.613661 0.282576
0.640793 0.27585
0.666381 0.273248
0.712006 0.279297
0.752506 0.281147
0.798694 0.277755
0.837987 0.285237
0.874482 0.277509
0.903691 0.286292
0.0192021 0.290906
0.0618843 0.305086
0.138288 0.305911
0.218936 0.30534
0.281852 0.290205
0.307229 0.304911
0.35493 0.297855
0.409791 0.289276
0.452422 0.300002
0.524616 0.290037
0.589079 0.295786
0.636949 0.302848
0.662441 0.300353
0.695848 0.299111
0.730745 0.299248
0.77577 0.305626
0.936667 0.291093
0.979431 0.2946
0.0845584 0.321096
0.11179 0.314045
0.173443 0.319236
0.238307 0.322231
0.270457 0.313885
0.369755 0.322173
0.421826 0.319381
0.496166 0.310328
0.545846 0.308281
0.578751 0.321453
0.604396 0.318158
0.677861 0.320962
0.708872 0.323008
0.750581 0.31592
0.804042 0.307431
0.834781 0.311163
0.865368 0.314287
0.913334 0.311111
0.960994 0.32026
0.987155 0.323095
0.0223594 0.329538
0.0490247 0.327885
0.155196 0.340418
0.201301 0.327875
0.28761 0.333609
0.323129 0.329209
0.39841 0.329854
0.477702 0.330352
0.518043 0.329741
0.551387 0.336757
0.627079 0.340996
0.651224 0.325901
0.732853 0.334811
0.790173 0.332246
0.816605 0.340965
0.844915 0.337023
0.870623 0.340412
0.896162 0.332377
0.933045 0.331166
0.0132806 0.356912
0.0403452 0.355349
0.0701737 0.346058
0.109668 0.342832
0.195518 0.354708
0.226143 0.354221
0.25833 0.347834
0.297684 0.359381
0.349583 0.345251
0.37345 0.360026
0.402153 0.355377
0.444684 0.342876
0.465946 0.359188
0.492701 0.354366
0.576926 0.356124
0.654686 0.354792
0.687635 0.353575
0.713145 0.352396
0.756779 0.344543
0.906159 0.35678
0.932723 0.356859
0.986911 0.34869
0.0527856 0.378191
0.116064 0.37079
0.142381 0.367648
0.172832 0.377371
0.270106 0.378162
0.331715 0.372845
0.426265 0.366787
0.519946 0.360987
0.545544 0.361602
0.604565 0.364336
0.631321 0.377545
0.672454 0.374773
0.731174 0.371916
0.775284 0.367508
0.833143 0.372409
0.88191 0.369241
0.962277 0.368211
0.0268807 0.379278
0.0892433 0.380589
0.153079 0.39545
0.208823 0.39496
0.233595 0.384957
0.30088 0.389366
0.364905 0.390197
0.401285 0.38104
0.446657 0.388105
0.478774 0.382748
0.510289 0.386149
0.569837 0.380667
0.594774 0.391864
0.709973 0.386506
0.753813 0.386952
0.804104 0.384942
0.858634 0.381618
0.929004 0.382342
0.965979 0.395871
0.988052 0.380718
0.0248238 0.409602
0.0665695 0.406119
0.0907623 0.41435
0.11148 0.397992
0.178273 0.404192
0.261532 0.406739
0.287128 0.413478
0.34108 0.404604
0.386692 0.404043
0.413165 0.411584
0.467354 0.406539
0.496033 0.407448
0.534459 0.400695
0.572878 0.407762
0.61985 0.403474
0.651636 0.41276
0.692064 0.40591
0.719461 0.412446
0.776554 0.40082
0.827469 0.400135
0.873457 0.402521
0.899121 0.396801
0.943354 0.409327
0.991408 0.40661
0.0063702 0.427497
0.111566 0.429593
0.142685 0.428687
0.172997 0.429142
0.216528 0.430167
0.241608 0.425179
0.319374 0.420439
0.370611 0.427353
0.522573 0.4308
0.548074 0.422645
0.597499 0.423718
0.674009 0.425693
0.701663 0.430925
0.756051 0.421873
0.807858 0.418017
0.851569 0.415956
0.890217 0.422268
0.915275 0.431029
0.973318 0.428352
0.0294267 0.443485
0.0586776 0.435244
0.0874091 0.443196
0.19319 0.447917
0.265504 0.442207
0.296059 0.437625
0.343099 0.43403
0.392798 0.446076
0.435802 0.433295
0.467577 0.434297
0.497101 0.438382
0.616734 0.440855
0.645984 0.440935
0.785368 0.433235
0.825395 0.441742
0.865658 0.43945
0.953859 0.447057
0.00497739 0.45728
0.122925 0.454292
0.162543 0.46799
0.231958 0.452757
0.284541 0.460799
0.332595 0.46418
0.360009 0.456096
0.408085 0.467989
0.433649 0.467683
0.471224 0.459648
0.498682 0.466673
0.5351 0.45427
0.565548 0.453837
0.594134 0.457995
0.625389 0.467272
0.671294 0.451803
0.742391 0.451652
0.766045 0.463646
0.791975 0.458327
0.896184 0.45898
0.923091 0.456181
0.988923 0.451144
0.0296658 0.475624
0.0561278 0.477726
0.0930009 0.474284
0.126809 0.484887
0.182363 0.485326
0.209544 0.474108
0.252261 0.478813
0.307775 0.477991
0.38119 0.472965
0.472431 0.48636
0.524007 0.478166
0.550614 0.474728
0.598013 0.483706
0.704577 0.470563
0.741817 0.486718
0.782566 0.484815
0.830635 0.469175
0.861155 0.474472
0.930834 0.483658
0.966014 0.47075
0.990773 0.477982
0.004269 0.487709
0.0420415 0.500302
0.15135 0.491837
0.206003 0.499438
0.280805 0.495939
0.359506 0.493472
0.410685 0.494523
0.445525 0.495991
0.502976 0.500657
0.540683 0.499256
0.570061 0.494259
0.624633 0.494899
0.661129 0.48721
0.824326 0.494341
0.851107 0.501847
0.879486 0.492981
0.908729 0.500983
0.972689 0.497406
0.0163581 0.512138
0.0742973 0.508591
0.118549 0.510911
0.154076 0.517422
0.182841 0.513456
0.238289 0.509199
0.318294 0.508347
0.347111 0.518862
0.465284 0.519038
0.600145 0.513634
0.659491 0.513281
0.689519 0.504966
0.717835 0.510113
0.764555 0.513461
0.792755 0.513199
0.948001 0.512791
0.0732909 0.536014
0.216015 0.523023
0.238953 0.538626
0.267159 0.528423
0.296239 0.534922
0.324841 0.534052
0.38256 0.525254
0.407088 0.532469
0.432781 0.525533
0.494307 0.526603
0.532281 0.52386
0.571393 0.535974
0.620034 0.537786
0.701294 0.533152
0.739141 0.532157
0.827549 0.524979
0.871267 0.536217
0.911696 0.528329
0.990343 0.533676
0.0129729 0.547013
0.0386766 0.542612
0.102443 0.544836
0.135408 0.544708
0.158959 0.558894
0.183195 0.545993
0.215054 0.556715
0.280747 0.558425
0.349243 0.54879
0.379022 0.552615
0.451445 0.550044
0.497539 0.556743
0.549945 0.552362
0.666943 0.544016
0.772903 0.541981
0.808674 0.553268
0.841971 0.55415
0.952795 0.552222
0.021303 0.573881
0.0576516 0.564256
0.0862228 0.564956
0.116408 0.57136
0.196613 0.576264
0.252385 0.563482
0.313658 0.562523
0.423234 0.562763
0.473141 0.565694
0.521894 0.566434
0.576869 0.572381
0.605225 0.559539
0.636906 0.562082
0.662423 0.575515
0.68667 0.563933
0.720751 0.565372
0.793393 0.576689
0.884857 0.569304
0.918715 0.561654
0.984943 0.570694
0.0809777 0.590293
0.142918 0.583951
0.172006 0.586156
0.237177 0.591301
0.293058 0.584182
0.316521 0.594372
0.351375 0.578718
0.377558 0.579723
0.411981 0.592827
0.44367 0.578244
0.466959 0.591153
0.494037 0.584652
0.535793 0.594855
0.628128 0.590693
0.694873 0.592631
0.75604 0.579408
0.828589 0.581044
0.855684 0.581953
0.907019 0.591475
0.937557 0.585814
0.0174171 0.605002
0.0521317 0.603581
0.109947 0.596411
0.20969 0.600286
0.26106 0.605951
0.358843 0.605768
0.388883 0.604623
0.445331 0.608883
0.559178 0.60727
0.590233 0.606925
0.655565 0.600339
0.732831 0.603004
0.773861 0.606417
0.81014 0.599318
0.88113 0.600693
0.966063 0.595598
0.99078 0.603036
0.0459088 0.629305
0.0719682 0.620254
0.0977556 0.619682
0.151748 0.613174
0.181468 0.614877
0.205196 0.629064
0.305706 0.618708
0.335868 0.624963
0.392922 0.630225
0.424954 0.628087
0.489476 0.619824
0.520486 0.619318
0.611763 0.625122
0.644542 0.629093
0.698159 0.62497
0.752289 0.628529
0.808922 0.627301
0.831194 0.614634
0.86128 0.617887
0.921658 0.615743
0.947528 0.614163
0.975177 0.629144
0.0141302 0.641862
0.0981869 0.645936
0.129198 0.634669
0.153517 0.646958
0.179767 0.640871
0.234538 0.631649
0.258863 0.639405
0.284258 0.635097
0.315598 0.644753
0.365561 0.642294
0.462767 0.636271
0.540579 0.642963
0.569884 0.635287
0.671274 0.632553
0.727439 0.63958
0.783195 0.631389
0.891223 0.635674
0.93174 0.639722
0.0671493 0.656503
0.13122 0.664861
0.200737 0.660178
0.231121 0.666069
0.26851 0.663312
0.336743 0.663708
0.396879 0.665634
0.432595 0.663571
0.499902 0.661794
0.571182 0.662608
0.595411 0.650637
0.631757 0.651721
0.657437 0.659555
0.688605 0.666675
0.765784 0.650673
0.82733 0.650169
0.872381 0.654895
0.919414 0.664
0.950106 0.662056
0.977375 0.659527
0.0200116 0.668408
0.0452948 0.675513
0.10108 0.674572
0.166762 0.678368
0.19389 0.685101
0.294668 0.678948
0.363814 0.672148
0.467715 0.667563
0.537172 0.672742
0.614853 0.678694
0.642177 0.681625
0.716704 0.679539
0.750586 0.676079
0.793412 0.669436
0.81917 0.683604
0.854388 0.68262
0.892218 0.671568
0.990958 0.683333
0.0434364 0.703085
0.0699982 0.685385
0.120302 0.698386
0.145991 0.694403
0.213727 0.701774
0.270079 0.689008
0.307832 0.701675
0.337884 0.693085
0.393507 0.695268
0.425423 0.691341
0.454237 0.696916
0.483903 0.690292
0.520341 0.698229
0.558973 0.689236
0.589929 0.702022
0.666713 0.69215
0.796491 0.695735
0.906429 0.697817
0.937441 0.692103
0.00644025 0.711176
0.0649702 0.720538
0.0929072 0.721085
0.168894 0.708296
0.241791 0.709495
0.280117 0.71249
0.325864 0.720052
0.373652 0.712196
0.471992 0.715559
0.567604 0.714483
0.639827 0.717764
0.683785 0.713717
0.714846 0.709276
0.746067 0.704323
0.770312 0.715447
0.825453 0.713777
0.868235 0.70838
0.967107 0.707302
0.990583 0.718566
0.0254005 0.737586
0.11941 0.732608
0.143985 0.725648
0.178976 0.732276
0.222931 0.726725
0.302908 0.733076
0.350278 0.727873
0.381486 0.7389
0.409248 0.722384
0.43325 0.7345
0.49391 0.730261
0.540462 0.733263
0.607004 0.72311
0.735775 0.728405
0.792479 0.728438
0.854423 0.737926
0.89413 0.730181
0.925819 0.733629
0.0525362 0.746269
0.0796602 0.754063
0.106392 0.755586
0.133277 0.75569
0.209609 0.751435
0.247424 0.741854
0.274972 0.741922
0.327721 0.755376
0.407422 0.749251
0.457693 0.742717
0.484598 0.756376
0.514341 0.751353
0.572675 0.752704
0.640292 0.74339
0.677834 0.741715
0.705835 0.745787
0.75584 0.74428
0.82378 0.739907
0.899665 0.756611
0.945453 0.750534
0.974421 0.739908
0.028921 0.767669
0.0560106 0.772629
0.167174 0.757627
0.190404 0.769506
0.239803 0.766459
0.266515 0.769152
0.293225 0.761596
0.357136 0.766555
0.546885 0.774269
0.617235 0.759331
0.642958 0.769326
0.669119 0.766106
0.729702 0.768383
0.799947 0.758622
0.841998 0.760883
0.871446 0.758827
0.925708 0.768431
0.963172 0.772165
0.990594 0.760012
0.00346254 0.776584
0.0873109 0.779254
0.122275 0.787351
0.153445 0.789727
0.224351 0.787025
0.328468 0.783707
0.388346 0.782528
0.426244 0.781013
0.459954 0.787628
0.517313 0.791995
0.588137 0.777692
0.692007 0.779317
0.769426 0.778752
0.791268 0.792206
0.821898 0.778348
0.848704 0.785933
0.881346 0.783576
0.985147 0.786284
0.0497037 0.798836
0.0862714 0.807216
0.173493 0.80693
0.199297 0.796351
0.239213 0.809479
0.262545 0.796121
0.305174 0.803945
0.353685 0.795064
0.41055 0.802444
0.441227 0.805491
0.492877 0.799896
0.569111 0.795952
0.615824 0.798408
0.643216 0.79946
0.670725 0.801575
0.731194 0.803723
0.877782 0.810497
0.903616 0.801796
0.935233 0.800295
0.962172 0.798861
0.0151372 0.814832
0.11537 0.813933
0.146394 0.827528
0.280507 0.81505
0.333901 0.826732
0.365879 0.825234
0.402513 0.827226
0.428323 0.828916
0.460225 0.825276
0.487992 0.825408
0.533815 0.818477
0.562513 0.820991
0.593093 0.813624
0.696887 0.811931
0.759824 0.824618
0.801536 0.829002
0.836437 0.811643
0.934193 0.828257
0.983907 0.816755
0.0136784 0.843562
0.0393778 0.832747
0.0768766 0.838983
0.121533 0.842396
0.205577 0.830217
0.230709 0.836373
0.256495 0.835387
0.293699 0.83801
0.512337 0.835714
0.602562 0.837438
0.629257 0.841294
0.672059 0.833369
0.71302 0.841687
0.865734 0.836282
0.902975 0.84413
0.964148 0.837133
0.145931 0.853384
0.172668 0.847571
0.198934 0.857379
0.241195 0.859618
0.278161 0.859078
0.315623 0.854773
0.373521 0.850716
0.451785 0.857737
0.484138 0.851823
0.532107 0.859629
0.558218 0.849384
0.585547 0.863724
0.655102 0.852794
0.74104 0.856058
0.772532 0.854791
0.801833 0.860575
0.832109 0.849008
0.872179 0.862981
0.923178 0.85999
0.95154 0.865276
0.980222 0.862004
0.00856531 0.869136
0.0420189 0.870932
0.0668146 0.87906
0.0899832 0.867797
0.11689 0.87617
0.147841 0.879028
0.351045 0.866166
0.375994 0.877357
0.405783 0.868424
0.431669 0.874227
0.500849 0.879298
0.551613 0.879697
0.60618 0.881774
0.629818 0.871905
0.674146 0.870573
0.732091 0.881182
0.826184 0.877598
0.0424359 0.897922
0.173941 0.885755
0.201021 0.894583
0.225892 0.885959
0.267178 0.893725
0.304852 0.885407
0.331894 0.88437
0.417828 0.896065
0.454413 0.887881
0.568361 0.900244
0.675764 0.898086
0.699746 0.887594
0.762677 0.899574
0.798699 0.886255
0.842596 0.899475
0.881607 0.894468
0.911956 0.88526
0.936733 0.899107
0.968589 0.884713
0.00793142 0.917959
0.0732555 0.906493
0.099 0.910909
0.127521 0.904966
0.175564 0.913298
0.24453 0.908277
0.323734 0.91293
0.356155 0.906353
0.394446 0.917129
0.46826 0.909571
0.512247 0.90529
0.539351 0.903966
0.610273 0.909144
0.649291 0.905936
0.717351 0.909082
0.74264 0.916145
0.796741 0.911915
0.985584 0.907385
0.0828238 0.936082
0.147009 0.924435
0.21842 0.934126
0.264406 0.925632
0.297317 0.921507
0.34532 0.933406
0.436388 0.926356
0.509524 0.93693
0.535607 0.937126
0.559938 0.925703
0.628362 0.937391
0.671109 0.923623
0.768965 0.92996
0.826995 0.921043
0.877567 0.925045
0.904586 0.926773
0.930216 0.937443
0.96258 0.928099
0.0239268 0.937869
0.0508532 0.938675
0.122757 0.94585
0.168098 0.947018
0.193285 0.951673
0.241238 0.950836
0.305355 0.946523
0.369474 0.950207
0.395847 0.946405
0.475131 0.952875
0.582567 0.939436
0.605675 0.952031
0.706486 0.942986
0.733264 0.940879
0.804687 0.94201
0.826986 0.954902
0.85306 0.93784
0.898294 0.952259
0.100442 0.960801
0.145544 0.959855
0.273553 0.961123
0.421396 0.962954
0.449546 0.957546
0.571473 0.968829
0.661505 0.959844
0.687953 0.967484
0.729201 0.970601
0.775802 0.957758
0.87257 0.956526
0.924685 0.962792
0.952784 0.960872
0.990665 0.956232
0.0111183 0.979989
0.0395878 0.975361
0.0675536 0.97809
0.0975192 0.986422
0.132195 0.981873
0.174105 0.982735
0.199087 0.990474
0.220415 0.974063
0.242534 0.990613
0.269117 0.988566
0.302035 0.985912
0.332583 0.973988
0.360284 0.977804
0.387408 0.978134
0.432636 0.989769
0.467782 0.979493
0.490314 0.99167
0.51211 0.978161
0.544154 0.977482
0.60679 0.986359
0.633693 0.982871
0.676444 0.990369
0.70604 0.986503
0.75359 0.981709
0.782457 0.991285
0.808418 0.979881
0.837538 0.978722
0.862315 0.985271
0.887989 0.986123
0.914999 0.990408
0.943643 0.988235
0.985613 0.982158
