0.00812797 0.0130538
0.0323135 0.00261267
0.098674 0.0117581
0.134671 0.010436
0.164563 0.00185525
0.196111 0.0179054
0.243388 0.00770382
0.269307 0.0011886
0.317559 0.000203617
0.344832 0.000113086
0.375201 0.00405509
0.410816 0.00567026
0.44536 0.00442112
0.47572 0.0179397
0.536736 0.00342981
0.576246 0.00273579
0.629254 0.00303909
0.660238 0.00804464
0.743728 0.00548645
0.803887 0.00551402
0.836108 0.000978141
0.864241 0.0127858
0.887273 0.000425819
0.95632 0.0127341
0.991603 0.0147626
0.0542007 0.0221715
0.220573 0.0289197
0.245507 0.0348093
0.289756 0.028509
0.319667 0.0353854
0.357297 0.0239196
0.384986 0.0297378
0.418475 0.0300353
0.445633 0.0323977
0.509543 0.0229856
0.544636 0.0336671
0.571136 0.0278469
0.60139 0.0275501
0.631484 0.035221
0.684664 0.0268107
0.711544 0.0355264
0.765832 0.0315542
0.814142 0.029945
0.845123 0.0303091
0.875937 0.035605
0.913651 0.0181557
0.017776 0.0496176
0.0453463 0.0477857
0.0861875 0.0510886
0.118505 0.0447181
0.159229 0.0372635
0.228442 0.0537579
0.270154 0.0540871
0.342576 0.0472691
0.572909 0.0535036
0.657938 0.052851
0.685934 0.0534473
0.740513 0.0416445
0.789592 0.0467588
0.905795 0.0476934
0.946904 0.0462831
0.990179 0.0479612
0.193373 0.061231
0.299217 0.0720786
0.380151 0.0572501
0.407862 0.0595426
0.454928 0.0602079
0.494071 0.0601835
0.536999 0.0612329
0.596737 0.0654943
0.624846 0.0640624
0.718174 0.0652221
0.760131 0.0597974
0.811561 0.0597077
0.836756 0.0666207
0.860679 0.0567073
0.931697 0.0685662
0.969371 0.0640856
0.0118435 0.0865608
0.0571318 0.0757027
0.121041 0.0801995
0.15115 0.079103
0.21398 0.0794992
0.23936 0.0850855
0.273951 0.0822375
0.32469 0.0787025
0.352087 0.0737317
0.377555 0.0842595
0.44771 0.0853122
0.473463 0.0811089
0.524015 0.0850701
0.560751 0.0832879
0.637561 0.0874575
0.676203 0.0775913
0.745873 0.0860027
0.784836 0.0830021
0.812907 0.0868155
0.87012 0.0895131
0.896932 0.0741775
0.965437 0.08935
0.0498591 0.101774
0.0982201 0.0945438
0.177899 0.0942497
0.29596 0.104266
0.420326 0.0940495
0.496179 0.101633
0.611627 0.106307
0.706527 0.102114
0.768068 0.10473
0.896264 0.100032
0.937546 0.0949002
0.990423 0.0990201
0.0249986 0.116388
0.0758386 0.118791
0.104968 0.125948
0.131971 0.10894
0.158763 0.11114
0.185402 0.1246
0.213637 0.111236
0.250943 0.11042
0.273012 0.124614
0.321216 0.10828
0.350349 0.109707
0.376437 0.113096
0.402854 0.117974
0.438488 0.11801
0.468026 0.120451
0.554007 0.109531
0.58448 0.110809
0.650734 0.110461
0.677234 0.120803
0.747587 0.12263
0.787804 0.123759
0.815416 0.117245
0.8406 0.112477
0.872252 0.119441
0.944828 0.120103
0.971407 0.117995
0.000467287 0.132631
0.0429166 0.137382
0.15518 0.136804
0.209168 0.138156
0.305643 0.134591
0.354977 0.137623
0.417376 0.1396
0.4506 0.143353
0.50259 0.138539
0.535742 0.130191
0.602028 0.133718
0.63475 0.130687
0.715142 0.128147
0.852299 0.135488
0.8977 0.142209
0.924054 0.137946
0.991526 0.134171
0.0705621 0.145655
0.0963301 0.150051
0.125305 0.158087
0.183903 0.153898
0.235214 0.144642
0.260914 0.150903
0.331204 0.148352
0.378252 0.149315
0.477229 0.146957
0.537209 0.158952
0.57624 0.145903
0.629978 0.157829
0.675569 0.146705
0.716907 0.154148
0.765775 0.149133
0.809288 0.149414
0.835949 0.160376
0.941508 0.159792
0.969556 0.147508
0.0308906 0.164993
0.0843571 0.173765
0.109652 0.178813
0.15384 0.16398
0.21629 0.163788
0.288346 0.166202
0.332367 0.175541
0.355582 0.164397
0.380076 0.174794
0.40442 0.164472
0.432836 0.162576
0.468573 0.171639
0.513513 0.174979
0.562183 0.167301
0.602269 0.164524
0.650316 0.178239
0.691727 0.167918
0.744046 0.162654
0.792744 0.172289
0.863722 0.170901
0.913111 0.16392
0.960971 0.177701
0.990535 0.162614
0.00426404 0.181364
0.034851 0.1941
0.0599768 0.182648
0.192056 0.181069
0.242038 0.180867
0.420288 0.18755
0.446507 0.185736
0.536896 0.187021
0.576165 0.188927
0.602582 0.190283
0.704 0.19586
0.729913 0.195896
0.75466 0.18653
0.811823 0.192029
0.837064 0.18595
0.898755 0.185968
0.0133302 0.208754
0.0798133 0.199321
0.123792 0.200319
0.157212 0.208391
0.202844 0.20698
0.259681 0.204663
0.298656 0.200167
0.324156 0.201632
0.350598 0.199982
0.378908 0.200867
0.40365 0.210248
0.480186 0.203259
0.514283 0.212174
0.626518 0.215133
0.652398 0.21497
0.678645 0.20543
0.767697 0.216217
0.848222 0.209389
0.875532 0.205209
0.910102 0.209446
0.939291 0.20234
0.975769 0.200937
0.0367225 0.220724
0.0670234 0.221406
0.0960401 0.224672
0.143175 0.231657
0.188179 0.229215
0.226565 0.21681
0.269102 0.229908
0.314629 0.225316
0.342983 0.232834
0.376824 0.230763
0.41901 0.233086
0.443806 0.225554
0.471056 0.232319
0.496507 0.23068
0.557467 0.22535
0.589369 0.223484
0.712696 0.223363
0.800261 0.216399
0.826736 0.227632
0.868583 0.23121
0.895607 0.230651
0.979633 0.233681
0.000726893 0.242333
0.050406 0.249273
0.119486 0.250698
0.169952 0.248774
0.211274 0.241543
0.24397 0.239854
0.294293 0.243028
0.523538 0.236693
0.599306 0.247911
0.645679 0.240684
0.672212 0.241823
0.741004 0.234779
0.7612 0.251398
0.786071 0.240694
0.845824 0.248467
0.927317 0.24257
0.952196 0.234851
0.0240444 0.260309
0.0793757 0.255392
0.14289 0.261778
0.191072 0.267409
0.228292 0.263213
0.261649 0.263461
0.318603 0.254053
0.358354 0.263206
0.417374 0.259783
0.445423 0.265327
0.473515 0.263065
0.501412 0.255982
0.544447 0.253065
0.578487 0.265183
0.661524 0.265055
0.699852 0.254968
0.730799 0.260922
0.783398 0.269026
0.817895 0.254184
0.879518 0.259576
0.905417 0.256573
0.954972 0.260778
0.991276 0.258226
0.0111396 0.282689
0.0567448 0.278841
0.120401 0.280283
0.163457 0.280282
0.210877 0.284345
0.283918 0.277167
0.329008 0.277566
0.392272 0.274178
0.423169 0.287219
0.462102 0.286266
0.49975 0.283293
0.529054 0.283069
0.623261 0.27629
0.692912 0.279638
0.725923 0.288063
0.756671 0.281593
0.85275 0.280488
0.918592 0.283073
0.985196 0.284694
0.0703706 0.301242
0.0959438 0.295506
0.140858 0.301348
0.178996 0.300715
0.252558 0.289032
0.352274 0.292731
0.379996 0.296551
0.406082 0.306244
0.554265 0.292056
0.589821 0.291072
0.617108 0.301305
0.651971 0.304372
0.777182 0.306375
0.799613 0.293428
0.825997 0.293047
0.855921 0.306495
0.878271 0.289151
0.949739 0.297931
0.0231841 0.307693
0.0487251 0.314987
0.216051 0.310017
0.245578 0.31639
0.280727 0.30798
0.314398 0.31326
0.355167 0.323275
0.456795 0.320721
0.484114 0.323314
0.50955 0.313017
0.683097 0.317504
0.718975 0.31324
0.746475 0.3244
0.807098 0.320877
0.833556 0.320214
0.877404 0.322233
0.898124 0.306632
0.978709 0.32208
0.0194697 0.338466
0.0516804 0.341481
0.0946968 0.325081
0.120629 0.331749
0.148627 0.32804
0.200638 0.334061
0.235281 0.341461
0.260658 0.337701
0.293295 0.337677
0.385162 0.327632
0.419669 0.329897
0.509572 0.339622
0.537629 0.325338
0.579211 0.33093
0.636625 0.326334
0.667632 0.341863
0.718911 0.342491
0.77754 0.332765
0.901539 0.334129
0.930544 0.331234
0.0792888 0.34867
0.135193 0.353604
0.173912 0.350114
0.325845 0.348018
0.406887 0.353062
0.550453 0.348159
0.614501 0.344021
0.639227 0.352183
0.693394 0.342619
0.746596 0.350902
0.77088 0.359102
0.803475 0.357626
0.842489 0.351183
0.967466 0.347683
0.991339 0.357527
0.0209239 0.365801
0.064656 0.373148
0.0933643 0.373682
0.215091 0.36995
0.265646 0.368483
0.295376 0.370429
0.352234 0.365472
0.380498 0.365135
0.444891 0.364823
0.471182 0.366049
0.511301 0.365561
0.553795 0.376158
0.587063 0.363222
0.611084 0.37844
0.65084 0.375092
0.684646 0.371794
0.747149 0.376584
0.880369 0.364153
0.908296 0.364312
0.951615 0.369135
0.0794505 0.395465
0.138172 0.383311
0.167723 0.384902
0.193462 0.383689
0.240392 0.384426
0.370167 0.389375
0.405341 0.379857
0.430225 0.388712
0.496018 0.389184
0.529005 0.387166
0.716795 0.388487
0.775883 0.39085
0.800915 0.384859
0.828835 0.392662
0.85663 0.382847
0.922188 0.39079
0.960379 0.395589
0.984738 0.383792
0.0237923 0.399222
0.0522201 0.405652
0.114607 0.396723
0.147091 0.413708
0.179399 0.412816
0.234357 0.409584
0.279984 0.400751
0.32186 0.397199
0.352951 0.413512
0.397281 0.413412
0.455929 0.405411
0.487902 0.414237
0.514374 0.410377
0.566749 0.400611
0.599885 0.409635
0.639678 0.402633
0.672861 0.408478
0.701822 0.412082
0.737765 0.404263
0.853806 0.41433
0.893827 0.40265
0.00912498 0.421897
0.0380482 0.427032
0.0912598 0.420713
0.118639 0.422413
0.206717 0.418331
0.328614 0.423282
0.431718 0.415328
0.46916 0.432221
0.543344 0.416495
0.653548 0.431426
0.753883 0.428963
0.783634 0.420075
0.816261 0.418244
0.895947 0.429755
0.93602 0.414863
0.975028 0.428788
0.00268809 0.448093
0.0658713 0.436239
0.122087 0.449722
0.164891 0.435192
0.221465 0.444521
0.255854 0.436274
0.299901 0.434443
0.348752 0.439005
0.374621 0.442357
0.403671 0.445612
0.511553 0.438454
0.56291 0.434561
0.590345 0.440644
0.621958 0.435887
0.691583 0.436244
0.728168 0.448484
0.798982 0.44062
0.869087 0.436162
0.918969 0.446289
0.949498 0.445567
0.0284248 0.464736
0.0797889 0.461677
0.149222 0.45834
0.198409 0.461233
0.275691 0.452946
0.321377 0.463988
0.362312 0.466055
0.432086 0.452008
0.459369 0.459184
0.519829 0.46411
0.5526 0.459509
0.619314 0.464793
0.664564 0.454944
0.749173 0.467242
0.779279 0.460125
0.818393 0.466204
0.843931 0.455364
0.873128 0.463768
0.93574 0.467792
0.972294 0.457791
0.0488863 0.484028
0.0938111 0.483814
0.216966 0.485946
0.243379 0.475204
0.275069 0.478652
0.303785 0.483727
0.393731 0.471301
0.423953 0.477976
0.481998 0.472916
0.566247 0.484422
0.593602 0.473349
0.64432 0.470683
0.687343 0.474759
0.719646 0.474092
0.843706 0.481517
0.899502 0.471232
0.960769 0.484504
0.990526 0.477734
0.138733 0.48956
0.186998 0.487308
0.334621 0.493885
0.363493 0.492938
0.453051 0.489442
0.505735 0.492362
0.533083 0.492921
0.62941 0.503508
0.663637 0.48812
0.712467 0.504315
0.738328 0.494935
0.764956 0.491352
0.790059 0.501402
0.818952 0.49347
0.871116 0.499264
0.903529 0.49647
0.929987 0.492665
0.00703615 0.506816
0.0327369 0.505403
0.0579667 0.51343
0.0994524 0.50926
0.126352 0.512916
0.160216 0.505298
0.199643 0.521476
0.226237 0.513235
0.252638 0.513878
0.28763 0.509462
0.313565 0.510021
0.365041 0.518828
0.394796 0.521211
0.420236 0.513615
0.463336 0.517392
0.489522 0.51377
0.558548 0.517288
0.600002 0.514654
0.655504 0.516744
0.680956 0.510119
0.748327 0.518593
0.826854 0.517754
0.853525 0.518127
0.888692 0.51967
0.980974 0.509987
0.0198726 0.534857
0.0907964 0.533781
0.146506 0.534417
0.180053 0.540002
0.317572 0.535827
0.344425 0.540294
0.426956 0.539687
0.515377 0.532589
0.588028 0.540101
0.614321 0.540824
0.682093 0.536043
0.711513 0.532093
0.781469 0.52552
0.931747 0.53115
0.961402 0.527635
0.0625194 0.548446
0.106801 0.554006
0.214018 0.543575
0.270496 0.549209
0.377145 0.545124
0.402539 0.548617
0.445283 0.557439
0.47709 0.543877
0.533666 0.553979
0.561721 0.543215
0.64881 0.545546
0.699844 0.555741
0.733352 0.554355
0.760086 0.546097
0.814659 0.545665
0.840531 0.544973
0.86805 0.541683
0.908991 0.551199
0.987798 0.546212
0.0042851 0.569475
0.0279642 0.55982
0.0912594 0.574238
0.140269 0.567944
0.165542 0.564395
0.195588 0.573069
0.23359 0.560452
0.27835 0.574207
0.303215 0.567617
0.332164 0.563686
0.367628 0.57067
0.421986 0.56855
0.467859 0.572486
0.497131 0.561446
0.56832 0.568252
0.60271 0.564689
0.629104 0.562663
0.669595 0.561168
0.766943 0.573004
0.791629 0.562067
0.855096 0.567256
0.927149 0.574037
0.952529 0.57153
0.984422 0.576328
0.0238742 0.58617
0.0666583 0.584979
0.115713 0.586505
0.165658 0.591517
0.228154 0.586309
0.25439 0.583133
0.397034 0.577419
0.429617 0.593121
0.509324 0.588534
0.543768 0.578289
0.590609 0.588846
0.645971 0.584411
0.674441 0.589667
0.702978 0.586082
0.741985 0.594441
0.817867 0.583621
0.883711 0.579174
0.00258142 0.611204
0.0397727 0.610593
0.0892781 0.608799
0.14343 0.604106
0.205161 0.602401
0.29233 0.596209
0.330442 0.595082
0.394872 0.605052
0.4797 0.596766
0.535071 0.604304
0.56211 0.604153
0.620212 0.59517
0.71253 0.610166
0.781084 0.595794
0.80585 0.612292
0.854014 0.609794
0.890925 0.605424
0.942424 0.59723
0.991454 0.604792
0.0650699 0.62363
0.121987 0.629157
0.16752 0.619995
0.231491 0.626051
0.261204 0.623365
0.315188 0.621021
0.341285 0.621941
0.371043 0.614345
0.430988 0.624151
0.457469 0.622254
0.49999 0.618854
0.559298 0.629971
0.585764 0.614745
0.66015 0.621855
0.686971 0.61602
0.774409 0.6295
0.926567 0.618181
0.978231 0.628659
0.0105086 0.635772
0.0348166 0.645466
0.0860231 0.643235
0.162571 0.645508
0.193366 0.636099
0.247654 0.647436
0.286168 0.640018
0.374911 0.640178
0.400615 0.63866
0.448934 0.649107
0.475076 0.648066
0.526763 0.643233
0.595356 0.639702
0.632573 0.631893
0.675468 0.645484
0.704081 0.646978
0.738858 0.631362
0.82365 0.634437
0.8457 0.647765
0.908927 0.637022
0.949196 0.631914
0.0730643 0.665996
0.123011 0.659444
0.222178 0.650982
0.268785 0.662101
0.32745 0.651528
0.361093 0.663674
0.418519 0.66251
0.500153 0.652893
0.570267 0.664609
0.650943 0.659918
0.729405 0.662754
0.755248 0.655573
0.804736 0.658561
0.876072 0.650632
0.984145 0.659627
0.0105676 0.671969
0.0468347 0.67017
0.142742 0.680436
0.191212 0.67395
0.217401 0.676254
0.297034 0.683573
0.335468 0.675849
0.395215 0.676512
0.479275 0.676131
0.541469 0.668872
0.597806 0.672859
0.626304 0.669887
0.685205 0.676942
0.757128 0.684021
0.784218 0.679722
0.838665 0.681832
0.863402 0.673889
0.888885 0.680844
0.914383 0.6786
0.940174 0.668561
0.963278 0.679361
0.00262092 0.699493
0.0287995 0.691925
0.0707357 0.692601
0.100471 0.686534
0.125959 0.700466
0.166922 0.689759
0.24101 0.692921
0.266154 0.687573
0.377535 0.69634
0.426025 0.687373
0.461173 0.696994
0.509131 0.687449
0.556605 0.692823
0.60495 0.700425
0.666915 0.700069
0.727399 0.688559
0.813187 0.68584
0.868762 0.700278
0.983195 0.697966
0.0897672 0.712049
0.156411 0.717988
0.198225 0.718031
0.263538 0.720762
0.284646 0.706095
0.333526 0.709624
0.364723 0.720758
0.404454 0.706193
0.491531 0.716772
0.533792 0.710446
0.578064 0.708008
0.631092 0.705825
0.6863 0.717846
0.718076 0.714352
0.770356 0.706107
0.792203 0.719648
0.819098 0.711539
0.90575 0.712873
0.931261 0.71287
0.956309 0.705549
0.0349398 0.727306
0.0642483 0.729987
0.0958962 0.736928
0.12081 0.725629
0.239186 0.728648
0.307218 0.735732
0.390182 0.727483
0.438394 0.729712
0.536991 0.735811
0.567382 0.731211
0.600978 0.736921
0.752176 0.728144
0.836183 0.731659
0.921937 0.73811
0.98532 0.723574
0.00921672 0.747616
0.0360027 0.753356
0.142897 0.743046
0.175815 0.741664
0.208455 0.750988
0.249982 0.755016
0.273811 0.744664
0.336257 0.742251
0.377588 0.754423
0.410117 0.744377
0.459688 0.745569
0.488175 0.746228
0.513618 0.748529
0.575043 0.755771
0.626164 0.747561
0.652651 0.742718
0.709067 0.740137
0.73684 0.749054
0.779762 0.742926
0.809346 0.739828
0.872801 0.741564
0.968938 0.744228
0.0601216 0.766908
0.0982526 0.764708
0.132131 0.7745
0.180413 0.773428
0.290633 0.769872
0.322492 0.771184
0.349496 0.771698
0.436453 0.767374
0.510097 0.774589
0.544224 0.760845
0.59488 0.772443
0.642533 0.769197
0.673165 0.757906
0.715166 0.769183
0.767837 0.765636
0.8275 0.765672
0.857547 0.762978
0.896422 0.76193
0.919888 0.773852
0.951748 0.765147
0.988533 0.76108
0.0237416 0.789203
0.0502928 0.790679
0.0852749 0.78889
0.222851 0.784452
0.255919 0.785654
0.390879 0.776494
0.421701 0.79145
0.457596 0.786902
0.484422 0.777653
0.560588 0.782897
0.689561 0.778877
0.742725 0.786829
0.800283 0.786767
0.851406 0.787759
0.879519 0.782775
0.939193 0.790979
0.981002 0.791859
0.0664178 0.810685
0.111999 0.805175
0.157755 0.804711
0.199432 0.810089
0.277881 0.799192
0.313244 0.803589
0.337219 0.794659
0.376012 0.810647
0.441538 0.808122
0.490902 0.80962
0.52527 0.800235
0.580681 0.799756
0.617561 0.799375
0.661555 0.796622
0.717376 0.795274
0.770374 0.811322
0.8293 0.803834
0.869682 0.807419
0.898701 0.802927
0.00355718 0.815439
0.0405388 0.822599
0.248301 0.814626
0.271766 0.826581
0.349961 0.820414
0.403073 0.827676
0.472472 0.827931
0.547899 0.813967
0.604636 0.824446
0.633044 0.824732
0.659833 0.828425
0.700161 0.820284
0.740127 0.816174
0.799584 0.812431
0.940808 0.816696
0.0853227 0.830559
0.130647 0.839116
0.169057 0.841816
0.199785 0.84574
0.231099 0.843093
0.305365 0.831103
0.330357 0.840817
0.376174 0.844686
0.423648 0.842957
0.450376 0.842616
0.494201 0.844625
0.523603 0.839357
0.570528 0.845731
0.687143 0.845614
0.723269 0.842451
0.795163 0.837758
0.857207 0.834505
0.88758 0.833521
0.920997 0.832792
0.960544 0.836817
0.9883 0.836013
0.0143308 0.859231
0.0432302 0.848784
0.0698605 0.857918
0.108007 0.853272
0.275528 0.860123
0.308132 0.857309
0.347005 0.864177
0.404463 0.861742
0.550569 0.861918
0.614888 0.855609
0.651606 0.854256
0.752684 0.848841
0.779539 0.858969
0.823814 0.849508
0.948162 0.863906
0.00119586 0.883044
0.0376487 0.878555
0.0630667 0.883488
0.138871 0.865774
0.176215 0.866905
0.21069 0.871471
0.240041 0.870348
0.380595 0.87365
0.444588 0.867765
0.481374 0.875507
0.514189 0.866182
0.59087 0.868726
0.635082 0.882564
0.671872 0.872218
0.721884 0.870649
0.8109 0.871688
0.837693 0.877621
0.873851 0.869341
0.90212 0.870502
0.977093 0.872238
0.0898921 0.897582
0.12308 0.893469
0.171555 0.892021
0.25449 0.894953
0.30591 0.892615
0.331 0.885246
0.355155 0.894318
0.408208 0.890059
0.435231 0.898099
0.460192 0.891125
0.519465 0.894384
0.559742 0.886894
0.584135 0.896111
0.61402 0.901231
0.668498 0.898893
0.694639 0.888161
0.720006 0.899569
0.761475 0.886975
0.787202 0.883568
0.816861 0.897008
0.875374 0.895898
0.92511 0.887654
0.960751 0.901189
0.991198 0.895373
0.0257858 0.901979
0.0510719 0.907211
0.15205 0.917618
0.187281 0.913579
0.213707 0.911602
0.283996 0.908816
0.318595 0.918516
0.379367 0.90318
0.543715 0.907103
0.639644 0.908121
0.749261 0.911513
0.844523 0.902258
0.895679 0.917874
0.0157974 0.927915
0.0741159 0.923059
0.113464 0.923445
0.244599 0.930492
0.2701 0.930806
0.346834 0.928626
0.39439 0.924972
0.419125 0.932023
0.448335 0.922514
0.476801 0.921101
0.50254 0.919888
0.567322 0.92135
0.595961 0.920569
0.665642 0.932426
0.691621 0.92989
0.719727 0.925841
0.753334 0.937243
0.785152 0.921106
0.807622 0.933873
0.842541 0.930815
0.870404 0.921905
0.921509 0.92442
0.986363 0.923619
0.0059723 0.95207
0.0402272 0.940095
0.065521 0.9473
0.0925649 0.945332
0.142413 0.950179
0.17819 0.941627
0.218621 0.94958
0.25364 0.955238
0.293884 0.942703
0.334882 0.951353
0.378125 0.945315
0.40343 0.952839
0.458273 0.946941
0.49396 0.954753
0.519951 0.94974
0.545511 0.941165
0.572153 0.954002
0.638976 0.939096
0.788651 0.951926
0.863527 0.951819
0.892706 0.952038
0.952595 0.945995
0.991375 0.9531
0.0452136 0.965595
0.119374 0.968555
0.167158 0.968153
0.19504 0.961204
0.277967 0.965558
0.433152 0.956904
0.54325 0.972928
0.597552 0.956361
0.627172 0.964892
0.654857 0.967832
0.69287 0.959891
0.736267 0.956696
0.766684 0.965656
0.928154 0.95843
0.966767 0.969916
0.0197609 0.976042
0.0551512 0.990022
0.0848342 0.976828
0.105754 0.99147
0.14748 0.990888
0.189013 0.991574
0.216675 0.980289
0.242222 0.978707
0.266858 0.989972
0.292187 0.986801
0.319029 0.984034
0.357968 0.974925
0.383085 0.97936
0.411164 0.977833
0.435053 0.986959
0.460405 0.976869
0.500152 0.987409
0.576625 0.979972
0.609816 0.986143
0.635188 0.989355
0.682289 0.983131
0.715499 0.991655
0.742657 0.98377
0.782517 0.987799
0.825407 0.977012
0.858762 0.987687
0.884475 0.986945
0.912789 0.988281
0.94271 0.988156
0.987739 0.987087
