0.0117309 0.0162367
0.0454026 0.0164744
0.149746 0.00546305
0.178167 0.0143063
0.205551 0.00441353
0.252316 0.00387634
0.278449 0.0119339
0.31539 0.00715268
0.345182 0.0063551
0.373313 0.0173326
0.406377 0.0137524
0.483465 0.00814612
0.512509 0.0041686
0.562685 0.0065054
0.602719 0.00729178
0.655075 0.00957862
0.735862 0.00618382
0.785715 0.00105083
0.813346 0.00546752
0.852501 0.0147937
0.888748 0.0142315
0.922358 0.00292494
0.983393 0.000728142
0.0783132 0.0317239
0.1044 0.0197037
0.128585 0.0302691
0.154605 0.034419
0.21902 0.0314454
0.306082 0.0331006
0.334473 0.0351586
0.435347 0.0198704
0.462898 0.0289669
0.503504 0.033
0.529387 0.0356194
0.586327 0.0277032
0.625601 0.018981
0.661588 0.0348725
0.689751 0.0280994
0.715018 0.0220088
0.759593 0.0190155
0.824224 0.0294583
0.911275 0.0285173
0.942195 0.0195976
0.018578 0.0429489
0.0559228 0.0474916
0.100942 0.0454565
0.185582 0.0479917
0.252418 0.0500107
0.283459 0.0494566
0.366777 0.042628
0.392948 0.0371646
0.422419 0.0419789
0.560043 0.0366446
0.619863 0.0451526
0.725012 0.0485843
0.758423 0.0522347
0.787855 0.0378713
0.853573 0.0406394
0.882019 0.0480873
0.931253 0.0483527
0.974036 0.0361334
0.0447542 0.0709874
0.0798394 0.0698733
0.123572 0.0591892
0.155523 0.0599239
0.210681 0.0633421
0.30778 0.0598344
0.345646 0.0616905
0.385969 0.0622503
0.417748 0.0697586
0.463953 0.059552
0.489848 0.0555568
0.522327 0.0619651
0.555538 0.0634063
0.584208 0.057123
0.611118 0.0716119
0.649436 0.061013
0.67507 0.0593162
0.823197 0.0607931
0.94942 0.0673607
0.981868 0.070974
0.00824822 0.0799272
0.117368 0.0855552
0.14899 0.0863402
0.175846 0.0760292
0.247707 0.0793348
0.273707 0.0736931
0.374407 0.0878925
0.447277 0.0851744
0.480204 0.0815221
0.527662 0.0883356
0.635524 0.082644
0.713381 0.0730274
0.751013 0.0829528
0.788725 0.0848951
0.837582 0.0846275
0.866794 0.0823717
0.907056 0.0759407
0.929544 0.0889379
0.0160068 0.106322
0.0642106 0.101627
0.0910204 0.10018
0.208538 0.103671
0.248841 0.105788
0.298512 0.0930104
0.324937 0.0994745
0.40979 0.0983912
0.5587 0.091952
0.59656 0.096192
0.663011 0.0904716
0.687565 0.0978407
0.714721 0.0995767
0.765293 0.104139
0.958291 0.0994739
0.990323 0.105198
0.0418026 0.120602
0.127983 0.121428
0.166146 0.116163
0.277906 0.110437
0.319326 0.124502
0.352581 0.109922
0.387255 0.116802
0.422666 0.120874
0.456548 0.117348
0.497502 0.113345
0.535063 0.115252
0.627606 0.118784
0.739606 0.113037
0.789551 0.114976
0.820863 0.111826
0.862749 0.121008
0.900029 0.111289
0.928416 0.116092
0.958439 0.125419
0.00312794 0.130133
0.0657872 0.131117
0.0933378 0.133256
0.147441 0.139524
0.337606 0.143539
0.36461 0.13282
0.402594 0.141435
0.549539 0.141929
0.575758 0.134578
0.605955 0.132584
0.663258 0.128703
0.70986 0.126897
0.764131 0.134715
0.835443 0.14006
0.910956 0.134725
0.936933 0.142496
0.0230927 0.15461
0.0512509 0.161586
0.171464 0.148479
0.200655 0.145884
0.234141 0.144287
0.267479 0.152629
0.303111 0.147186
0.356777 0.161929
0.383463 0.158559
0.434231 0.156105
0.474552 0.155909
0.504679 0.147485
0.60437 0.159905
0.629275 0.146116
0.656722 0.157869
0.695538 0.149867
0.741356 0.146633
0.795859 0.146394
0.864067 0.148731
0.893249 0.157078
0.982908 0.146901
0.0832025 0.167115
0.113375 0.16949
0.144332 0.165115
0.209835 0.169824
0.276533 0.179752
0.329834 0.167993
0.552974 0.168054
0.578725 0.169086
0.625406 0.178571
0.693168 0.177131
0.720391 0.164015
0.772008 0.162942
0.803727 0.173108
0.836283 0.168362
0.918792 0.169422
0.972261 0.1755
0.0149021 0.182907
0.0598686 0.186811
0.132488 0.188253
0.15976 0.186318
0.185334 0.187349
0.214791 0.195261
0.241464 0.186577
0.296267 0.19657
0.369282 0.185285
0.41377 0.185054
0.44353 0.182583
0.473932 0.189677
0.498711 0.1828
0.525588 0.182027
0.567732 0.193123
0.652558 0.183536
0.749976 0.186053
0.78403 0.189804
0.85893 0.189743
0.88498 0.183371
0.941655 0.181161
0.0357161 0.20217
0.0782211 0.204625
0.110408 0.20134
0.148313 0.209503
0.178153 0.211881
0.240411 0.212167
0.271896 0.207539
0.329426 0.204178
0.427853 0.209715
0.45443 0.207704
0.48154 0.215674
0.507996 0.21564
0.607651 0.208419
0.633551 0.207898
0.715338 0.200603
0.805597 0.212183
0.831549 0.203625
0.894536 0.207323
0.930432 0.212394
0.95792 0.207094
0.986362 0.205014
0.0172744 0.226851
0.0435704 0.228784
0.0969046 0.226784
0.127325 0.227156
0.206777 0.230559
0.285165 0.23423
0.312256 0.223743
0.359061 0.229719
0.397536 0.220681
0.463793 0.234214
0.527398 0.233794
0.551917 0.221313
0.579394 0.21695
0.673344 0.220624
0.697634 0.230316
0.734164 0.218496
0.764413 0.231606
0.846315 0.23065
0.868084 0.217152
0.912403 0.231512
0.0605246 0.249079
0.148946 0.241981
0.177648 0.237786
0.244843 0.237367
0.41053 0.248244
0.483629 0.250887
0.556029 0.246811
0.596668 0.237474
0.623598 0.237593
0.651102 0.236812
0.719704 0.243882
0.804223 0.238785
0.862757 0.250929
0.885953 0.23855
0.963818 0.238063
0.989507 0.24945
0.00232507 0.262947
0.0306036 0.269651
0.105807 0.253708
0.186472 0.264561
0.26468 0.254039
0.311242 0.262652
0.337899 0.253544
0.368758 0.262488
0.445978 0.254636
0.51395 0.255503
0.57744 0.261149
0.617997 0.263683
0.650333 0.263033
0.677638 0.254608
0.755525 0.258745
0.78062 0.252584
0.806224 0.265631
0.838583 0.259552
0.884591 0.26854
0.930465 0.254549
0.0622701 0.282752
0.0960141 0.284919
0.12513 0.270713
0.212582 0.271549
0.24251 0.271246
0.286081 0.280306
0.326643 0.284248
0.397841 0.271331
0.431031 0.275888
0.479815 0.278148
0.505271 0.284232
0.596894 0.2881
0.682063 0.280013
0.706828 0.286663
0.740031 0.284049
0.910592 0.271162
0.960743 0.271101
0.987549 0.280518
0.00229555 0.30315
0.040822 0.299141
0.128227 0.301767
0.163028 0.289501
0.198596 0.304885
0.231624 0.297457
0.268407 0.302685
0.304353 0.305416
0.364572 0.288975
0.413228 0.301588
0.46457 0.30377
0.535311 0.288566
0.567267 0.297725
0.623732 0.299499
0.652131 0.288993
0.676104 0.305478
0.77666 0.294031
0.834875 0.30463
0.858825 0.294267
0.892348 0.297081
0.924363 0.293396
0.966101 0.296907
0.0802602 0.308013
0.104653 0.318023
0.147571 0.322869
0.17479 0.319781
0.283193 0.323976
0.330155 0.312774
0.387946 0.316287
0.435232 0.31918
0.488739 0.312218
0.600706 0.314139
0.648144 0.321057
0.700498 0.321253
0.747841 0.311582
0.775597 0.32012
0.808424 0.312078
0.990667 0.315851
0.00871169 0.335073
0.0471518 0.331796
0.0956322 0.342136
0.125349 0.341369
0.225916 0.329863
0.255201 0.326304
0.325994 0.338761
0.359705 0.33372
0.410507 0.338826
0.462113 0.338486
0.509933 0.329681
0.542593 0.3247
0.568061 0.331174
0.591976 0.34217
0.722648 0.341914
0.801643 0.337741
0.836915 0.339298
0.863725 0.325244
0.891015 0.328841
0.917547 0.325625
0.943098 0.33224
0.968608 0.338243
0.0567969 0.355925
0.166016 0.344275
0.198767 0.351117
0.271216 0.347753
0.300636 0.351867
0.345831 0.355434
0.387212 0.354901
0.434747 0.347897
0.489359 0.357169
0.628044 0.347626
0.672782 0.349011
0.758351 0.345832
0.86553 0.359947
0.953874 0.359414
0.0231478 0.370607
0.0836889 0.36489
0.111223 0.374293
0.144986 0.364381
0.17288 0.372742
0.246177 0.365153
0.322321 0.372381
0.362191 0.375737
0.425296 0.375818
0.45417 0.366472
0.519383 0.362035
0.545281 0.371151
0.577579 0.364192
0.604454 0.367595
0.649157 0.370219
0.706994 0.369538
0.792589 0.376949
0.823485 0.363431
0.88991 0.371753
0.919494 0.363293
0.980935 0.362554
0.0473126 0.382068
0.0928393 0.39472
0.163573 0.39654
0.220173 0.383192
0.28358 0.389717
0.397469 0.378952
0.468426 0.390971
0.499266 0.38156
0.565804 0.388412
0.631487 0.394231
0.67392 0.380011
0.747012 0.378694
0.84108 0.387129
0.873185 0.395989
0.909103 0.393806
0.950776 0.393701
0.989991 0.389193
0.0155904 0.406998
0.0659129 0.400615
0.137686 0.398264
0.189472 0.40024
0.215266 0.408917
0.246467 0.40512
0.324453 0.402309
0.375416 0.412232
0.420888 0.406305
0.51833 0.398908
0.543845 0.401429
0.594655 0.4054
0.692992 0.399283
0.727419 0.397283
0.756029 0.411073
0.778542 0.398581
0.820048 0.408929
0.851737 0.412377
0.0414482 0.420819
0.069603 0.426479
0.112003 0.414995
0.168369 0.424657
0.266304 0.421793
0.302157 0.422457
0.345546 0.418527
0.454517 0.415662
0.502417 0.42094
0.53205 0.430184
0.630362 0.428572
0.663963 0.417613
0.71287 0.423022
0.785597 0.42334
0.882994 0.43148
0.91201 0.41951
0.944876 0.426638
0.975118 0.416462
0.00323661 0.438263
0.08277 0.44877
0.123662 0.439383
0.201109 0.447422
0.229362 0.432996
0.281847 0.442192
0.308554 0.450269
0.355976 0.445652
0.38371 0.439242
0.41324 0.439896
0.460474 0.440463
0.484453 0.449354
0.559452 0.433811
0.59834 0.434938
0.738634 0.436534
0.765268 0.439261
0.824358 0.44066
0.964713 0.443311
0.990458 0.439626
0.0179244 0.459773
0.0445384 0.456306
0.148338 0.461162
0.239329 0.459469
0.267012 0.464427
0.334445 0.461847
0.371997 0.466421
0.437785 0.452733
0.519555 0.452883
0.576464 0.466433
0.620969 0.466702
0.660636 0.465782
0.692325 0.451199
0.719623 0.453998
0.749129 0.459814
0.787781 0.452252
0.811711 0.463842
0.851135 0.451349
0.877243 0.46602
0.901008 0.451832
0.934566 0.450789
0.95696 0.468392
0.0347639 0.480093
0.0872295 0.484503
0.117211 0.477528
0.180236 0.470404
0.214683 0.476291
0.291106 0.483008
0.353068 0.483558
0.397341 0.469824
0.420199 0.484279
0.466417 0.483855
0.494497 0.477744
0.520351 0.482999
0.545456 0.470941
0.683777 0.478189
0.732736 0.480521
0.771197 0.472845
0.924472 0.481498
0.984429 0.476162
0.0100018 0.487999
0.0626194 0.493204
0.149598 0.487812
0.196093 0.502278
0.23905 0.487988
0.271649 0.500962
0.327619 0.488484
0.382758 0.50184
0.448244 0.50436
0.487385 0.502677
0.562488 0.492912
0.58823 0.495022
0.634528 0.492921
0.699768 0.501163
0.756652 0.501943
0.808345 0.494055
0.839922 0.490663
0.903378 0.496305
0.947295 0.494644
0.989522 0.50329
0.0280136 0.507689
0.121829 0.513416
0.167141 0.507507
0.222354 0.509016
0.251384 0.519461
0.312818 0.510125
0.417066 0.512519
0.529527 0.507378
0.552982 0.517747
0.620596 0.518359
0.661294 0.510293
0.740259 0.522594
0.783554 0.507445
0.814179 0.520552
0.841421 0.518602
0.880711 0.510034
0.927421 0.518515
0.964145 0.514843
0.0226153 0.53304
0.0470882 0.525841
0.0730226 0.527112
0.0984475 0.530497
0.156612 0.535055
0.183997 0.528382
0.281321 0.532057
0.352663 0.527045
0.387249 0.529663
0.443279 0.529903
0.469107 0.527716
0.517368 0.539749
0.585711 0.524425
0.636787 0.539544
0.679218 0.53263
0.710122 0.538983
0.763949 0.53376
0.79302 0.540047
0.902007 0.525746
0.983982 0.531516
0.01006 0.55652
0.0861683 0.556367
0.120023 0.551261
0.209722 0.546605
0.235837 0.553649
0.286628 0.558615
0.307215 0.543344
0.426639 0.551965
0.462873 0.55463
0.546067 0.542395
0.570352 0.550582
0.60834 0.556189
0.669267 0.557352
0.813356 0.556816
0.865885 0.543271
0.911794 0.552449
0.946064 0.552443
0.0536396 0.560707
0.148601 0.567677
0.176523 0.561056
0.261895 0.566699
0.311371 0.571117
0.341812 0.561457
0.38033 0.566629
0.406965 0.573205
0.48644 0.564458
0.530774 0.563484
0.636587 0.565913
0.694981 0.559782
0.721112 0.563018
0.747828 0.560577
0.773678 0.571817
0.848308 0.562769
0.893182 0.571129
0.988487 0.568403
0.023399 0.584345
0.0479333 0.594188
0.0749615 0.592592
0.0997243 0.581107
0.127076 0.581434
0.158918 0.592649
0.183983 0.587063
0.224875 0.577676
0.283275 0.588668
0.35686 0.582767
0.457189 0.583945
0.508874 0.578959
0.539247 0.587543
0.565732 0.591656
0.604506 0.58557
0.652012 0.589541
0.683588 0.590062
0.720098 0.589238
0.799169 0.579431
0.82446 0.585698
0.855472 0.592332
0.927947 0.580089
0.9628 0.578131
0.000690423 0.596091
0.116104 0.609184
0.191601 0.611774
0.240012 0.605264
0.267227 0.608818
0.305365 0.60402
0.345742 0.605758
0.382989 0.598252
0.410429 0.609087
0.433233 0.597585
0.483092 0.605538
0.518461 0.602699
0.598373 0.61063
0.630243 0.603564
0.73954 0.605741
0.76594 0.612625
0.801138 0.611582
0.886424 0.597875
0.919286 0.606379
0.977914 0.611558
0.00325012 0.624784
0.0800671 0.623875
0.142039 0.618788
0.220918 0.623482
0.325982 0.624568
0.392354 0.629518
0.434741 0.627234
0.459052 0.617619
0.493637 0.629885
0.535357 0.623383
0.566952 0.618381
0.658217 0.617847
0.691333 0.617926
0.716004 0.625383
0.847618 0.62349
0.878252 0.626565
0.948567 0.621208
0.0306569 0.631168
0.0588068 0.641361
0.110256 0.634137
0.167781 0.636423
0.255327 0.631514
0.289105 0.645418
0.317359 0.648631
0.366492 0.643888
0.461009 0.646893
0.517704 0.647298
0.605891 0.635243
0.638852 0.643573
0.685424 0.642884
0.758832 0.644592
0.786289 0.642178
0.86374 0.648732
0.916908 0.641802
0.988103 0.63779
0.00720048 0.658146
0.098935 0.657908
0.139565 0.650034
0.194076 0.64945
0.219746 0.65269
0.251637 0.659362
0.413493 0.650006
0.488116 0.656568
0.557703 0.652721
0.585631 0.651145
0.61689 0.662277
0.662549 0.658076
0.734186 0.65441
0.812878 0.649603
0.946568 0.654073
0.975215 0.660217
0.0366463 0.678612
0.0707531 0.680423
0.123689 0.677024
0.157187 0.679014
0.216392 0.678539
0.307179 0.672048
0.341776 0.671164
0.379225 0.668402
0.442463 0.674155
0.479635 0.683033
0.507952 0.673241
0.540165 0.68262
0.581405 0.679524
0.636773 0.681466
0.70677 0.667332
0.734067 0.683093
0.764295 0.676338
0.809114 0.677836
0.838426 0.667556
0.864499 0.674746
0.895092 0.668168
0.921136 0.667907
0.943922 0.680487
0.990949 0.684187
0.00836924 0.693276
0.18253 0.694531
0.253881 0.700475
0.280054 0.687148
0.363503 0.700006
0.409044 0.69454
0.460329 0.699828
0.522243 0.702275
0.606551 0.686162
0.669387 0.688569
0.710701 0.700707
0.753311 0.702113
0.879005 0.700647
0.926644 0.701422
0.0403279 0.705001
0.077397 0.710003
0.109766 0.705065
0.137801 0.708467
0.188491 0.719895
0.221013 0.706792
0.308401 0.704874
0.34001 0.717358
0.395082 0.716285
0.485743 0.711429
0.551212 0.708393
0.578559 0.713557
0.625286 0.708524
0.653972 0.709624
0.801641 0.705161
0.839952 0.705706
0.973249 0.708984
0.0275335 0.728826
0.0709141 0.737119
0.104643 0.735477
0.162479 0.732433
0.212159 0.732406
0.24679 0.735638
0.283198 0.728983
0.370951 0.727323
0.42042 0.721829
0.482848 0.737333
0.508196 0.7243
0.543049 0.733578
0.599294 0.730883
0.629743 0.734915
0.655406 0.735896
0.680866 0.727774
0.716324 0.732448
0.781431 0.734815
0.834203 0.736679
0.862838 0.736551
0.911618 0.731339
0.96353 0.734793
0.990408 0.729131
0.00357139 0.742316
0.0462685 0.746411
0.136732 0.747519
0.188598 0.752613
0.282158 0.756945
0.306385 0.748938
0.348512 0.744443
0.389625 0.747697
0.417142 0.749967
0.454332 0.745012
0.523955 0.752398
0.576605 0.747855
0.677323 0.757218
0.746171 0.740263
0.799408 0.753751
0.889311 0.744109
0.935265 0.746614
0.0874358 0.770122
0.113683 0.769645
0.161302 0.76003
0.229209 0.772139
0.256089 0.760921
0.325991 0.774043
0.396044 0.77326
0.433313 0.772267
0.477158 0.762247
0.5519 0.765049
0.607135 0.774635
0.637152 0.768981
0.720741 0.758892
0.754554 0.767557
0.851498 0.764391
0.895302 0.770796
0.963215 0.763852
0.99154 0.771365
0.0303814 0.780997
0.0560574 0.778316
0.14295 0.780158
0.168233 0.785892
0.194235 0.791748
0.251089 0.787531
0.276198 0.782334
0.301665 0.783818
0.367506 0.775714
0.46175 0.785683
0.508849 0.778909
0.533571 0.792425
0.574529 0.778782
0.699651 0.777225
0.735933 0.79093
0.780797 0.782144
0.806831 0.779014
0.832048 0.784431
0.930751 0.782009
0.00563124 0.801179
0.0438533 0.803967
0.0786915 0.795108
0.112505 0.79725
0.2322 0.805033
0.277171 0.808288
0.318383 0.8066
0.348175 0.793424
0.374676 0.8066
0.410509 0.797737
0.438753 0.800275
0.46244 0.811319
0.489805 0.802223
0.586624 0.807267
0.656116 0.795839
0.681804 0.796072
0.765815 0.80394
0.805681 0.808312
0.85059 0.808865
0.878424 0.796031
0.949522 0.800073
0.986731 0.800902
0.0200589 0.825304
0.131524 0.814679
0.163536 0.813952
0.204593 0.817297
0.338771 0.825017
0.393938 0.82653
0.439608 0.825993
0.492187 0.828062
0.515331 0.813051
0.544826 0.816857
0.569586 0.828333
0.618683 0.813363
0.64103 0.827
0.670415 0.821852
0.70146 0.813666
0.728973 0.81847
0.905236 0.81351
0.927635 0.826323
0.962955 0.824174
0.988869 0.828601
0.0476111 0.830105
0.0803901 0.834076
0.116435 0.837226
0.146083 0.837355
0.178189 0.834885
0.226475 0.831366
0.253762 0.834189
0.292888 0.83059
0.363836 0.830916
0.467971 0.836676
0.513922 0.844498
0.548687 0.84306
0.596471 0.839664
0.702322 0.846003
0.758559 0.836379
0.793502 0.831429
0.821872 0.833487
0.873652 0.831287
0.0268247 0.859313
0.0556929 0.860159
0.0992894 0.857486
0.165375 0.859713
0.208061 0.858114
0.23975 0.861562
0.275433 0.851377
0.326769 0.851441
0.351094 0.864519
0.377402 0.85515
0.407373 0.848974
0.43312 0.854306
0.469071 0.86505
0.57927 0.858759
0.619514 0.861905
0.646527 0.852205
0.727393 0.861593
0.779615 0.864813
0.817269 0.864729
0.853442 0.853266
0.902622 0.855436
0.946612 0.851085
0.986211 0.863379
0.0397046 0.881822
0.0781167 0.874141
0.129977 0.871279
0.277286 0.877465
0.309773 0.872455
0.415933 0.87799
0.49751 0.875999
0.544467 0.868663
0.6668 0.867703
0.704255 0.872359
0.751213 0.876077
0.887147 0.875728
0.94061 0.876878
0.00414496 0.888437
0.103311 0.883781
0.149007 0.891832
0.18533 0.888493
0.231685 0.886545
0.331107 0.887483
0.362796 0.890931
0.396522 0.895962
0.44957 0.883604
0.521439 0.894197
0.564765 0.889873
0.607366 0.889084
0.638204 0.889701
0.691653 0.89479
0.722883 0.891501
0.801117 0.886822
0.834341 0.889802
0.87379 0.898722
0.918653 0.892044
0.973839 0.896582
0.0159068 0.918716
0.0459158 0.918826
0.0692234 0.903172
0.095169 0.908124
0.123375 0.901606
0.196786 0.913534
0.224117 0.914505
0.250122 0.905958
0.278525 0.90367
0.309659 0.903872
0.334197 0.915225
0.360575 0.917252
0.419746 0.909299
0.466883 0.917023
0.493896 0.904207
0.58493 0.907856
0.631119 0.915084
0.660148 0.908761
0.70963 0.913726
0.750697 0.909572
0.782009 0.90741
0.936082 0.911787
0.0785048 0.929786
0.127973 0.93337
0.172921 0.926262
0.256521 0.934843
0.292769 0.927156
0.389038 0.922126
0.440181 0.925908
0.528846 0.9292
0.559889 0.923305
0.604878 0.935824
0.652792 0.936618
0.681838 0.92217
0.744538 0.9354
0.770743 0.936581
0.795539 0.929064
0.826915 0.924069
0.861739 0.926839
0.90276 0.925674
0.959433 0.922032
0.986663 0.920525
0.0097733 0.943937
0.0496122 0.949642
0.103119 0.945233
0.203384 0.947784
0.231204 0.939796
0.278272 0.950041
0.322818 0.946524
0.37386 0.950852
0.413886 0.939475
0.450424 0.949491
0.487768 0.947448
0.551856 0.950826
0.577992 0.943407
0.632085 0.951939
0.826879 0.950772
0.880336 0.952472
0.980088 0.948653
0.0750049 0.961691
0.150247 0.960725
0.18066 0.962315
0.203846 0.973359
0.248372 0.959611
0.349564 0.96322
0.425485 0.964667
0.467418 0.971084
0.529009 0.963239
0.569313 0.96952
0.598534 0.968937
0.677785 0.96135
0.713866 0.958766
0.751275 0.972953
0.801451 0.957258
0.851525 0.957515
0.907805 0.955952
0.933412 0.958853
0.958805 0.963699
0.0166478 0.986948
0.0431837 0.974564
0.0654201 0.988249
0.0971094 0.991697
0.119859 0.98006
0.147242 0.99112
0.175794 0.988923
0.232301 0.979886
0.262875 0.980879
0.294404 0.983634
0.323664 0.975212
0.343562 0.991561
0.369621 0.987781
0.397131 0.982314
0.441058 0.98566
0.495459 0.973909
0.518444 0.990154
0.547548 0.98934
0.585613 0.991499
0.621354 0.984716
0.664574 0.987343
0.700484 0.98617
0.727299 0.986761
0.784957 0.980304
0.815543 0.979789
0.852266 0.983096
0.886614 0.985681
0.912791 0.982567
0.937424 0.989653
0.973924 0.985783
