0.0268091 0.00734664
0.0777454 0.0121636
0.122293 0.00915944
0.15454 0.000349864
0.179093 0.0139772
0.245308 0.0152307
0.28233 0.0143991
0.315567 0.0165207
0.356475 0.0104074
0.384086 0.00830789
0.426707 0.0139964
0.463448 0.00348387
0.515189 0.000122702
0.635259 0.0150894
0.674939 0.0156189
0.70462 0.00331978
0.739786 0.00554041
0.788394 0.0150362
0.822489 0.0145748
0.853081 0.0165123
0.875527 0.00311501
0.907119 0.0070356
0.933532 0.0103441
0.981418 0.0142282
0.0070314 0.0261707
0.052355 0.0215048
0.1535 0.028312
0.204501 0.023784
0.400085 0.0296897
0.470696 0.032504
0.496687 0.0225225
0.523018 0.026158
0.55356 0.0232993
0.593758 0.0204037
0.699437 0.0288244
0.761158 0.0198895
0.805535 0.0342717
0.884972 0.0327335
0.912114 0.0356453
0.0296606 0.0399034
0.0538634 0.0526328
0.0788094 0.0414394
0.103733 0.0472399
0.134109 0.0498025
0.186978 0.0425062
0.244763 0.0475062
0.309265 0.0455933
0.354181 0.0385488
0.445938 0.0502495
0.497925 0.0532388
0.526899 0.0527586
0.567207 0.0530203
0.592787 0.0469711
0.633005 0.0442407
0.671529 0.0507124
0.711741 0.051404
0.74404 0.0413855
0.836041 0.0382399
0.859352 0.0503188
0.956793 0.0368422
0.978149 0.0518426
0.0212373 0.0667923
0.164201 0.0631134
0.192095 0.0707435
0.222242 0.0597413
0.269944 0.058197
0.343095 0.062998
0.368986 0.0601516
0.395469 0.064098
0.420049 0.0547556
0.614025 0.0626332
0.652144 0.0681311
0.690759 0.0708697
0.740808 0.0696139
0.790353 0.0560078
0.819022 0.0579164
0.897603 0.0618524
0.942988 0.0632047
0.0462578 0.0795751
0.0933474 0.0767047
0.140973 0.083333
0.166533 0.089601
0.210537 0.0884524
0.254057 0.0783974
0.283458 0.0810135
0.309441 0.0782005
0.409638 0.0872021
0.43531 0.0844054
0.46705 0.0789048
0.515024 0.0798729
0.550174 0.0773536
0.583192 0.0899411
0.717632 0.0813575
0.764256 0.0827627
0.841492 0.0808245
0.869296 0.0758838
0.921054 0.0861487
0.960528 0.0846208
0.99127 0.0738503
0.0233209 0.0940713
0.0483196 0.10561
0.0795168 0.0991326
0.116072 0.0953276
0.18672 0.105705
0.238243 0.0998195
0.289836 0.105746
0.327678 0.096684
0.353414 0.0911268
0.376667 0.1017
0.49602 0.103054
0.615901 0.0925603
0.643803 0.0923551
0.669614 0.104683
0.697132 0.0971852
0.730062 0.107831
0.795067 0.0904046
0.821131 0.100781
0.901197 0.104276
0.986029 0.0991974
0.00142459 0.123707
0.0270992 0.119769
0.146981 0.120423
0.222001 0.121303
0.270132 0.124466
0.330225 0.122677
0.360121 0.125583
0.401744 0.112207
0.427598 0.110635
0.450971 0.121897
0.526105 0.110272
0.557424 0.114799
0.628775 0.115344
0.653139 0.124358
0.757046 0.108989
0.78172 0.121651
0.858055 0.108696
0.949714 0.108434
0.991146 0.124919
0.0498826 0.133424
0.0852208 0.129909
0.11396 0.132263
0.193629 0.131316
0.240286 0.144212
0.294659 0.138507
0.39527 0.139965
0.424373 0.14397
0.483525 0.131467
0.511449 0.134907
0.543677 0.144107
0.589004 0.126583
0.618033 0.14052
0.677425 0.137516
0.709008 0.14328
0.741055 0.138288
0.810634 0.143346
0.831907 0.12626
0.854267 0.141351
0.881488 0.135448
0.917992 0.129266
0.949455 0.143117
0.0271439 0.149958
0.0506121 0.160099
0.0775798 0.154558
0.142776 0.148456
0.17909 0.155633
0.211834 0.151463
0.319696 0.146338
0.369395 0.151606
0.468455 0.155789
0.49573 0.16003
0.57022 0.144361
0.641045 0.159811
0.666625 0.160818
0.766422 0.153987
0.916197 0.161328
0.975716 0.145414
0.012251 0.170898
0.103069 0.172871
0.128935 0.170175
0.197473 0.179983
0.22679 0.177417
0.258704 0.166969
0.290289 0.173476
0.341359 0.168976
0.3706 0.178498
0.407457 0.165879
0.437593 0.169002
0.523131 0.166856
0.559695 0.175608
0.602976 0.169722
0.692686 0.172393
0.725498 0.16343
0.762216 0.179405
0.789684 0.167962
0.844491 0.173109
0.881815 0.164811
0.97881 0.175156
0.00204331 0.194316
0.0328161 0.188381
0.0806993 0.193652
0.133332 0.197987
0.167612 0.190174
0.310941 0.192947
0.338484 0.195089
0.399654 0.190362
0.425361 0.194714
0.452739 0.192874
0.481723 0.184384
0.514218 0.191303
0.539783 0.193319
0.575746 0.196196
0.669164 0.187645
0.730325 0.188515
0.809217 0.185523
0.858656 0.194728
0.921969 0.194039
0.956258 0.18797
0.0413121 0.213578
0.10676 0.206011
0.156489 0.213221
0.186046 0.213936
0.236651 0.204856
0.268066 0.200411
0.473277 0.208877
0.620326 0.201566
0.646306 0.200088
0.68662 0.207694
0.717842 0.211023
0.751503 0.203426
0.781027 0.198948
0.823993 0.206786
0.883341 0.202961
0.987418 0.207856
0.0147724 0.219415
0.0724749 0.22047
0.106106 0.232364
0.140156 0.234212
0.215354 0.222443
0.307183 0.224868
0.357014 0.217165
0.402818 0.219696
0.435381 0.220074
0.463152 0.23323
0.495525 0.230959
0.542113 0.222196
0.604407 0.227273
0.673506 0.232674
0.800238 0.216931
0.858161 0.22051
0.889283 0.228631
0.924021 0.221081
0.949965 0.217072
0.970668 0.233656
0.010793 0.244854
0.0650391 0.246476
0.170667 0.236818
0.196423 0.239601
0.261932 0.236284
0.287646 0.247876
0.337073 0.23909
0.387341 0.241235
0.426459 0.244735
0.547036 0.248769
0.581155 0.239398
0.616965 0.249912
0.649138 0.242192
0.713883 0.247318
0.74063 0.235333
0.776866 0.238175
0.815042 0.239066
0.841715 0.243739
0.869008 0.244848
0.919878 0.247828
0.946936 0.24391
0.0407104 0.261818
0.0937298 0.269161
0.124498 0.263444
0.180939 0.264839
0.211817 0.26411
0.247117 0.258789
0.365595 0.258891
0.407857 0.263769
0.465183 0.259047
0.490531 0.263561
0.521634 0.254327
0.568878 0.26205
0.647477 0.269792
0.69272 0.26606
0.772684 0.266741
0.800258 0.262936
0.892594 0.254875
0.99085 0.261308
0.0150166 0.273562
0.0398007 0.28778
0.153792 0.279689
0.291742 0.278196
0.322533 0.270524
0.350632 0.286519
0.377417 0.285376
0.445633 0.276047
0.523334 0.286517
0.552174 0.283744
0.608574 0.275915
0.669095 0.284592
0.717109 0.274801
0.742392 0.279816
0.832532 0.283694
0.868942 0.271204
0.906277 0.28065
0.943853 0.273187
0.977076 0.287935
0.0664516 0.290045
0.110414 0.28961
0.137794 0.301112
0.189235 0.300976
0.23381 0.293873
0.266486 0.296373
0.405329 0.292904
0.430662 0.305667
0.46244 0.297858
0.488137 0.299195
0.591973 0.303627
0.701987 0.295903
0.785801 0.291889
0.879997 0.29951
0.95368 0.30222
0.0230759 0.307993
0.0623091 0.320277
0.0993092 0.316688
0.163663 0.308539
0.213199 0.314067
0.286832 0.313874
0.312676 0.315899
0.33895 0.313296
0.365218 0.31536
0.470996 0.323612
0.526623 0.316423
0.566204 0.316467
0.616015 0.322043
0.641442 0.310956
0.673562 0.312267
0.720668 0.314951
0.75926 0.311865
0.785973 0.317615
0.813407 0.318161
0.838599 0.308465
0.86134 0.322291
0.925452 0.311962
0.984817 0.31414
0.0075394 0.328514
0.0336608 0.333697
0.128279 0.340837
0.16327 0.33419
0.196488 0.336547
0.236197 0.326432
0.285888 0.341541
0.320637 0.341253
0.385054 0.332033
0.411451 0.326572
0.439179 0.338752
0.501761 0.328195
0.591093 0.33031
0.656638 0.337101
0.739811 0.332649
0.842872 0.341389
0.878826 0.34184
0.905661 0.337385
0.935534 0.335942
0.960577 0.327017
0.0146151 0.354198
0.042525 0.35961
0.069153 0.345486
0.102168 0.349118
0.181917 0.359443
0.258664 0.345751
0.351631 0.343377
0.376885 0.357246
0.483455 0.35388
0.52131 0.351624
0.565493 0.342806
0.612638 0.347848
0.694125 0.343491
0.718777 0.35154
0.751158 0.356184
0.773769 0.344112
0.809883 0.347846
0.956636 0.352461
0.98626 0.35122
0.0695705 0.372109
0.125788 0.368501
0.157788 0.368157
0.207427 0.361507
0.237028 0.375075
0.263215 0.374972
0.295195 0.366313
0.338948 0.368381
0.402842 0.363962
0.431989 0.364692
0.460196 0.365691
0.551799 0.373798
0.638923 0.37014
0.664671 0.367472
0.730751 0.37478
0.773503 0.370141
0.798643 0.376371
0.823866 0.370165
0.852688 0.374978
0.895601 0.371718
0.935016 0.376332
0.962754 0.378165
0.0116399 0.380227
0.0451213 0.395222
0.0955613 0.380954
0.199416 0.387034
0.282797 0.392402
0.316808 0.385165
0.357622 0.385971
0.383197 0.382637
0.489567 0.37883
0.517658 0.37989
0.592928 0.37876
0.66375 0.393249
0.688034 0.381784
0.874613 0.388715
0.912889 0.395852
0.986686 0.389663
0.00630662 0.412417
0.0814488 0.408904
0.117611 0.402742
0.146909 0.399339
0.172688 0.404516
0.225614 0.403235
0.262061 0.410211
0.318037 0.411598
0.345778 0.409314
0.373872 0.40667
0.406849 0.405971
0.43946 0.405027
0.4644 0.398724
0.490751 0.406645
0.536548 0.398011
0.562211 0.399071
0.588477 0.406056
0.622253 0.407391
0.703187 0.412244
0.735035 0.405934
0.770774 0.40313
0.799876 0.409403
0.83152 0.399815
0.952161 0.401579
0.0450688 0.431199
0.14082 0.426451
0.19391 0.423488
0.222204 0.432127
0.297162 0.431771
0.362301 0.429952
0.388197 0.429631
0.469722 0.430143
0.5284 0.42353
0.598105 0.429685
0.645553 0.421215
0.677359 0.426444
0.829978 0.426977
0.864403 0.418132
0.893106 0.418173
0.924023 0.424752
0.97483 0.424425
0.00882496 0.438721
0.0733034 0.435963
0.108835 0.444279
0.257457 0.436287
0.414595 0.437804
0.441445 0.444808
0.489531 0.447818
0.5151 0.4454
0.555 0.435118
0.580211 0.449392
0.628973 0.441594
0.654722 0.447133
0.741521 0.433669
0.765166 0.444209
0.788673 0.43406
0.850751 0.444903
0.909343 0.448115
0.943859 0.441425
0.96961 0.449738
0.0550883 0.456064
0.0794924 0.467111
0.142341 0.458641
0.168047 0.453916
0.200674 0.462811
0.237572 0.454494
0.277197 0.4541
0.325497 0.452062
0.353609 0.45654
0.388308 0.457749
0.414257 0.465552
0.46875 0.463731
0.554799 0.461766
0.609629 0.458426
0.690373 0.45457
0.716428 0.4562
0.744665 0.462262
0.784695 0.460654
0.828005 0.458648
0.872754 0.464321
0.991308 0.465287
0.0252645 0.470317
0.0563404 0.481729
0.108462 0.473229
0.178822 0.477514
0.22689 0.481697
0.297592 0.470156
0.324456 0.47901
0.372953 0.478748
0.435835 0.480309
0.519855 0.470686
0.596056 0.481762
0.628285 0.477769
0.654114 0.481471
0.681189 0.47836
0.80941 0.478719
0.851455 0.480364
0.916865 0.475326
0.952534 0.474411
0.0280634 0.496393
0.0754035 0.49908
0.135153 0.501787
0.164812 0.499084
0.202406 0.490489
0.259466 0.489461
0.295611 0.503237
0.34993 0.49057
0.391899 0.499698
0.469171 0.491407
0.500664 0.494117
0.559891 0.490783
0.628628 0.503868
0.717077 0.498673
0.742489 0.491456
0.786801 0.490748
0.82805 0.497557
0.895653 0.489956
0.934999 0.496655
0.981504 0.49856
0.00578721 0.509616
0.0506033 0.508795
0.101932 0.505434
0.203718 0.519211
0.235725 0.516326
0.264194 0.522458
0.320949 0.50768
0.342042 0.522232
0.414277 0.516428
0.443445 0.507783
0.486874 0.516483
0.535451 0.509677
0.565388 0.516791
0.592209 0.509742
0.671002 0.507781
0.747234 0.519428
0.772501 0.514748
0.804174 0.512279
0.869824 0.507013
0.902299 0.516732
0.928162 0.521646
0.958517 0.51469
0.0233912 0.529355
0.0628465 0.532229
0.0887676 0.539215
0.114984 0.537845
0.145188 0.540289
0.175759 0.527542
0.290502 0.529983
0.315866 0.536922
0.378631 0.531319
0.437604 0.532982
0.463767 0.533312
0.518121 0.531297
0.612111 0.530535
0.648901 0.526771
0.687459 0.532878
0.721119 0.523982
0.781603 0.538862
0.825781 0.52725
0.851962 0.530281
0.880843 0.530939
0.983947 0.530783
0.0287558 0.555879
0.21645 0.543412
0.25424 0.547485
0.282819 0.554986
0.33944 0.549655
0.366275 0.554647
0.413866 0.543981
0.447207 0.556809
0.493327 0.543289
0.537059 0.550636
0.577381 0.547984
0.632364 0.554297
0.66337 0.548847
0.728019 0.549504
0.756963 0.54735
0.815812 0.554896
0.842267 0.553887
0.911272 0.547618
0.949242 0.544012
0.00346496 0.561027
0.0740047 0.560432
0.105091 0.575739
0.128268 0.563841
0.173266 0.56624
0.200896 0.5692
0.330329 0.573932
0.398364 0.569434
0.423944 0.56954
0.46739 0.574398
0.52565 0.574008
0.575047 0.573488
0.603218 0.560866
0.692349 0.560937
0.776967 0.566446
0.86755 0.559714
0.928139 0.568428
0.969687 0.560436
0.99087 0.575132
0.0227066 0.592331
0.0482686 0.584633
0.134618 0.592288
0.219699 0.587203
0.249287 0.577707
0.290388 0.586107
0.367891 0.581147
0.412543 0.592497
0.499072 0.589156
0.557961 0.594073
0.631093 0.579871
0.655259 0.594094
0.69651 0.586298
0.725007 0.583656
0.751034 0.58379
0.802587 0.581946
0.841963 0.580393
0.875842 0.585423
0.904822 0.585624
0.953461 0.584579
0.0771469 0.598418
0.119451 0.612931
0.152163 0.612224
0.175398 0.596168
0.250064 0.604178
0.313018 0.59984
0.362879 0.609792
0.439894 0.601913
0.465696 0.600361
0.522742 0.599407
0.588511 0.596827
0.631157 0.60551
0.716303 0.607632
0.747081 0.61104
0.780442 0.610487
0.8229 0.599507
0.864213 0.608755
0.929218 0.596941
0.988395 0.60189
0.00947059 0.619046
0.0360487 0.614231
0.0748821 0.627619
0.206835 0.625849
0.279034 0.628327
0.311966 0.629423
0.335647 0.613573
0.387192 0.619602
0.492919 0.620783
0.536167 0.621971
0.575013 0.630549
0.609544 0.623598
0.635245 0.630945
0.684407 0.616826
0.81732 0.626074
0.849009 0.629522
0.899939 0.620863
0.94714 0.616004
0.0128161 0.644642
0.0406466 0.645995
0.0970875 0.643049
0.137604 0.635815
0.168425 0.633741
0.225027 0.645638
0.343169 0.64487
0.369526 0.640052
0.407028 0.636275
0.433331 0.632022
0.459985 0.633722
0.657874 0.644678
0.73614 0.647986
0.758471 0.635473
0.795872 0.642463
0.874924 0.642876
0.931771 0.636672
0.985795 0.640106
0.079117 0.666999
0.108107 0.666975
0.150014 0.663874
0.18057 0.658723
0.257125 0.649601
0.293441 0.662406
0.320234 0.656356
0.392396 0.666008
0.439357 0.665451
0.464619 0.659453
0.490591 0.663128
0.513625 0.651859
0.545413 0.649196
0.570174 0.657031
0.602785 0.656087
0.637273 0.662867
0.684195 0.662982
0.71143 0.655813
0.778422 0.666581
0.831413 0.654866
0.858337 0.664809
0.954401 0.650405
0.0290902 0.671666
0.211617 0.678069
0.260292 0.677407
0.351195 0.678773
0.533497 0.674289
0.584138 0.681745
0.615622 0.678659
0.711558 0.682435
0.751566 0.675701
0.806703 0.671171
0.888483 0.668477
0.914548 0.668636
0.944916 0.680711
0.036064 0.696828
0.0670978 0.696702
0.0932382 0.693281
0.119505 0.693152
0.145188 0.688943
0.236704 0.690214
0.304475 0.694159
0.330818 0.7024
0.385346 0.695303
0.413084 0.687628
0.466538 0.686293
0.506936 0.688028
0.558767 0.688257
0.633465 0.698565
0.663321 0.694828
0.808694 0.69947
0.84088 0.700299
0.868026 0.689175
0.906324 0.695648
0.966293 0.700993
0.986964 0.685551
0.00239451 0.705873
0.104637 0.720294
0.180944 0.706783
0.218964 0.712965
0.264585 0.71139
0.35628 0.70411
0.426743 0.713069
0.459099 0.716759
0.486374 0.720996
0.526772 0.704701
0.574274 0.71682
0.608183 0.71398
0.689259 0.716528
0.724371 0.712898
0.753924 0.712748
0.782805 0.713809
0.856576 0.720632
0.884034 0.716136
0.936723 0.705171
0.0201701 0.726868
0.0512658 0.72292
0.0777314 0.721643
0.143111 0.729896
0.293482 0.724037
0.319829 0.729784
0.364454 0.728549
0.391211 0.726483
0.44091 0.734906
0.545148 0.72334
0.590936 0.737931
0.63186 0.736195
0.663467 0.727984
0.804959 0.728426
0.92159 0.725776
0.949621 0.727367
0.991374 0.728907
0.0115453 0.751828
0.0440824 0.749254
0.108565 0.754541
0.183512 0.743793
0.228845 0.744588
0.258531 0.742988
0.291653 0.74976
0.319914 0.755569
0.346196 0.752408
0.401165 0.750554
0.469313 0.747328
0.502051 0.74147
0.532297 0.74968
0.571149 0.756822
0.609217 0.756571
0.725132 0.740765
0.774414 0.739811
0.816178 0.757017
0.836384 0.73983
0.876396 0.752158
0.927485 0.753691
0.98938 0.75621
0.0666386 0.765516
0.162988 0.760155
0.201033 0.763778
0.277322 0.773039
0.375211 0.767966
0.432327 0.76027
0.510951 0.772796
0.635725 0.769463
0.665569 0.758377
0.695766 0.762947
0.754515 0.769522
0.784156 0.769678
0.901633 0.758007
0.95397 0.772853
0.0243057 0.775928
0.0898635 0.785437
0.115276 0.782014
0.141664 0.778506
0.207337 0.791915
0.233139 0.778571
0.256335 0.789315
0.307341 0.782404
0.347153 0.780406
0.399472 0.782746
0.454518 0.789484
0.481685 0.790648
0.541322 0.788108
0.606118 0.789422
0.67837 0.786113
0.726932 0.782661
0.806967 0.783122
0.844905 0.784911
0.869401 0.776681
0.89893 0.788681
0.92914 0.785055
0.980478 0.782551
0.0161744 0.801409
0.0641498 0.80104
0.144799 0.804342
0.176765 0.800067
0.282349 0.80235
0.38839 0.808117
0.420084 0.802146
0.512755 0.799065
0.581597 0.798032
0.652041 0.793537
0.706414 0.805638
0.780369 0.795041
0.86556 0.805423
0.986206 0.810349
0.00802193 0.826666
0.0372641 0.826654
0.0787563 0.822397
0.111582 0.81748
0.1918 0.828492
0.218999 0.814679
0.24782 0.815462
0.293142 0.82829
0.323663 0.822136
0.361505 0.8157
0.413394 0.828652
0.448749 0.823852
0.481465 0.822363
0.507561 0.825324
0.564616 0.828164
0.599327 0.823444
0.63471 0.812582
0.680652 0.818253
0.753415 0.811756
0.790288 0.819985
0.816308 0.823805
0.843954 0.822871
0.942658 0.812101
0.0985952 0.840576
0.163623 0.832677
0.218191 0.840627
0.264432 0.845267
0.378379 0.835314
0.434838 0.845915
0.536483 0.836678
0.651072 0.838063
0.712255 0.834132
0.740118 0.842866
0.770973 0.839632
0.861442 0.84254
0.886383 0.834929
0.917765 0.831248
0.947814 0.841766
0.0434514 0.852555
0.0689022 0.848783
0.133364 0.85012
0.177251 0.854484
0.23913 0.858142
0.292185 0.854189
0.334481 0.856234
0.404482 0.857208
0.48129 0.851721
0.523648 0.862783
0.559514 0.864638
0.587525 0.855071
0.622748 0.852704
0.670287 0.858256
0.711169 0.863637
0.809362 0.851562
0.834686 0.848309
0.912209 0.863401
0.986592 0.851225
0.00869733 0.867941
0.0485375 0.877644
0.102409 0.867133
0.169299 0.880072
0.198997 0.867996
0.252445 0.882498
0.285736 0.881101
0.312662 0.879437
0.362298 0.872819
0.426402 0.871522
0.453327 0.878083
0.500672 0.880664
0.596739 0.881668
0.658243 0.882016
0.751556 0.869439
0.794933 0.878785
0.854227 0.869949
0.881096 0.867547
0.963456 0.866009
0.990641 0.881988
0.00236028 0.89975
0.0286477 0.894811
0.0830022 0.888436
0.140475 0.889051
0.218292 0.889815
0.329062 0.899693
0.399537 0.885028
0.476142 0.8922
0.529527 0.893881
0.555207 0.890327
0.618964 0.895211
0.704204 0.89528
0.830477 0.890083
0.866232 0.894888
0.902558 0.891029
0.945892 0.884947
0.967953 0.90039
0.062071 0.915356
0.104823 0.910486
0.166548 0.911198
0.192516 0.904248
0.232986 0.912448
0.272179 0.915114
0.303952 0.909827
0.356989 0.914207
0.383239 0.91199
0.429529 0.914977
0.453439 0.905802
0.481264 0.917438
0.509497 0.910853
0.539126 0.918139
0.577847 0.903791
0.643384 0.903045
0.669269 0.905919
0.69141 0.918921
0.73544 0.907307
0.762436 0.90579
0.8014 0.906999
0.886849 0.912508
0.93775 0.909911
0.0241748 0.921612
0.0843088 0.92836
0.131106 0.935878
0.178578 0.93431
0.299866 0.937095
0.332481 0.935471
0.405395 0.926657
0.618702 0.930526
0.65407 0.927687
0.743022 0.93525
0.817202 0.932466
0.841999 0.922213
0.909473 0.924576
0.955657 0.928212
0.98799 0.922511
0.000660446 0.945794
0.0296143 0.950927
0.0536374 0.941162
0.0937324 0.952186
0.208177 0.941739
0.241182 0.945831
0.269628 0.950717
0.354665 0.953512
0.378918 0.940891
0.412029 0.9539
0.458532 0.944727
0.495645 0.941999
0.521729 0.955399
0.547584 0.94364
0.580672 0.939361
0.637341 0.949464
0.706111 0.942883
0.777803 0.939862
0.863092 0.937643
0.902214 0.952348
0.936276 0.951976
0.970445 0.950258
0.0682029 0.962285
0.116475 0.964161
0.145038 0.957957
0.171983 0.960883
0.296146 0.968438
0.328635 0.964824
0.44862 0.969975
0.480749 0.972025
0.563534 0.966076
0.609856 0.957295
0.668718 0.957655
0.738923 0.960618
0.778338 0.966764
0.803584 0.96077
0.845023 0.961857
0.873415 0.962381
0.991493 0.965017
0.00137126 0.975697
0.0320879 0.981647
0.065301 0.987692
0.0919076 0.984632
0.118342 0.991048
0.1497 0.984417
0.177229 0.987867
0.21683 0.981113
0.250543 0.988531
0.276586 0.98776
0.312259 0.990164
0.348471 0.981497
0.37603 0.974406
0.402828 0.987444
0.428309 0.991099
0.508626 0.984679
0.537489 0.975752
0.55784 0.991341
0.587258 0.976985
0.609211 0.989999
0.6374 0.986791
0.683884 0.984521
0.721772 0.980375
0.748396 0.985354
0.787488 0.991542
0.820988 0.984374
0.85173 0.989378
0.88787 0.986341
0.922196 0.977215
0.949237 0.976538
0.975001 0.984966
