0.0109451 0.00512942
0.0773843 0.00353877
0.121315 0.00852532
0.146073 0.000974061
0.196552 0.0166552
0.226152 0.0105249
0.286712 0.00601527
0.317787 0.00081967
0.364395 0.00785315
0.406058 0.00869502
0.43556 0.000430391
0.476673 0.0105479
0.513266 0.014992
0.556166 0.00401845
0.596037 0.0134366
0.618893 0.00174563
0.646847 0.0174078
0.690905 0.00494029
0.727839 0.0152697
0.772501 0.00417967
0.799887 0.0133701
0.842112 0.0155853
0.879184 0.0129956
0.926211 0.0129063
0.952411 0.0128005
0.984355 0.0128393
0.0176639 0.0343553
0.0384633 0.0192915
0.0679347 0.0279601
0.0986303 0.0240838
0.124686 0.03473
0.172785 0.0263022
0.250224 0.023257
0.275679 0.0322477
0.327228 0.0274111
0.35283 0.033033
0.392628 0.0350731
0.435268 0.0262087
0.546772 0.029169
0.580937 0.0345539
0.619317 0.0281854
0.675117 0.0276639
0.705168 0.0328502
0.745357 0.0347291
0.822276 0.0336243
0.900967 0.0286489
0.0454713 0.0454348
0.0912523 0.0520823
0.228987 0.0374869
0.256243 0.0498185
0.300781 0.0470841
0.420002 0.0504806
0.448839 0.0487918
0.474373 0.0412523
0.51765 0.0406855
0.600774 0.0512265
0.644512 0.0452937
0.784948 0.0429395
0.844906 0.047357
0.873288 0.047586
0.938636 0.0406965
0.964357 0.0405363
0.991148 0.0451983
0.0142135 0.0651042
0.0628718 0.0714656
0.123905 0.0644494
0.149545 0.0578693
0.187372 0.0606394
0.242886 0.0717385
0.275641 0.069001
0.324086 0.0599343
0.348172 0.0685209
0.376522 0.0689975
0.511487 0.0673459
0.544454 0.0607148
0.573686 0.0616421
0.66443 0.0634006
0.688849 0.0547603
0.713683 0.0608515
0.75661 0.071343
0.813917 0.0670887
0.895181 0.0607981
0.934526 0.0682144
0.985623 0.0711016
0.038944 0.0833446
0.100435 0.0799673
0.162004 0.0818645
0.215314 0.0731441
0.301385 0.075683
0.405885 0.0727581
0.438882 0.0726158
0.479335 0.0809588
0.528411 0.0876052
0.55525 0.0845295
0.58853 0.0839791
0.613151 0.0765277
0.639735 0.0751351
0.678994 0.0850879
0.717931 0.0867592
0.785013 0.0796352
0.844032 0.0769501
0.872133 0.0748223
0.0124304 0.100863
0.0562371 0.102828
0.132833 0.0987634
0.175035 0.103811
0.200761 0.102643
0.226648 0.0963713
0.264816 0.0921419
0.295607 0.104699
0.334754 0.0986666
0.363497 0.0944662
0.422309 0.102142
0.479566 0.107367
0.645774 0.100133
0.695718 0.107482
0.74436 0.103449
0.773466 0.102371
0.815452 0.0929664
0.861588 0.106558
0.909265 0.100574
0.938091 0.0940991
0.964804 0.0910581
0.991404 0.100894
0.0802698 0.122503
0.113293 0.11707
0.153228 0.11722
0.224033 0.124583
0.250991 0.115839
0.319396 0.121569
0.386126 0.108199
0.451135 0.112488
0.516373 0.110539
0.547632 0.124886
0.577893 0.110946
0.623832 0.113292
0.670105 0.11043
0.795519 0.116515
0.836016 0.108819
0.886411 0.112797
0.933269 0.120412
0.969668 0.125476
0.00335267 0.129745
0.049825 0.127872
0.135015 0.139818
0.197854 0.12878
0.29559 0.135953
0.35076 0.133097
0.401162 0.130108
0.493928 0.129277
0.523824 0.139366
0.569181 0.138746
0.594633 0.131004
0.645852 0.142507
0.673177 0.138996
0.708354 0.139304
0.732855 0.126714
0.768647 0.13198
0.870184 0.135615
0.906931 0.129923
0.020913 0.149287
0.0684021 0.146076
0.100807 0.155804
0.172215 0.145238
0.232335 0.154824
0.260626 0.147988
0.321362 0.161122
0.371123 0.156449
0.424164 0.144915
0.464364 0.148677
0.547268 0.160056
0.732292 0.153161
0.808329 0.145574
0.833937 0.146712
0.892109 0.156937
0.940548 0.146751
0.966282 0.15309
0.991483 0.161446
0.0430257 0.16309
0.0761225 0.17084
0.118557 0.174777
0.176716 0.173537
0.208642 0.165228
0.280993 0.164743
0.302482 0.179181
0.346162 0.175984
0.408742 0.167094
0.443374 0.171375
0.468868 0.173843
0.494381 0.166707
0.520166 0.164783
0.585926 0.164266
0.620758 0.162435
0.659175 0.169169
0.685351 0.165242
0.765418 0.163436
0.79771 0.173238
0.823682 0.17178
0.868376 0.169815
0.917972 0.169149
0.020411 0.185633
0.152458 0.182563
0.221061 0.198029
0.259928 0.186254
0.363462 0.195822
0.504463 0.190686
0.53719 0.185065
0.562929 0.197547
0.628258 0.196047
0.678594 0.191164
0.722659 0.185052
0.765131 0.193363
0.837327 0.196133
0.905555 0.191879
0.944229 0.180942
0.97055 0.185123
0.0502383 0.20118
0.0878555 0.204859
0.128781 0.201016
0.186192 0.198742
0.294067 0.204695
0.321485 0.209955
0.390096 0.19889
0.432052 0.198801
0.464318 0.200798
0.528066 0.215018
0.599265 0.204466
0.6557 0.203714
0.708346 0.216295
0.739207 0.21359
0.794101 0.199481
0.862896 0.212319
0.892553 0.214371
0.942492 0.211837
0.0150607 0.222448
0.0653014 0.221845
0.103238 0.22946
0.134743 0.226209
0.162529 0.222661
0.203943 0.22598
0.237949 0.223208
0.268278 0.222166
0.298751 0.230833
0.360747 0.222931
0.389714 0.231746
0.414748 0.223608
0.439346 0.231146
0.496456 0.216897
0.552342 0.223756
0.579027 0.221723
0.604146 0.234083
0.630593 0.223247
0.666104 0.232413
0.784211 0.223573
0.811924 0.221645
0.839415 0.227311
0.918363 0.220774
0.985674 0.221837
0.0440304 0.246597
0.0768093 0.250568
0.129017 0.251389
0.198169 0.251365
0.259499 0.247003
0.332461 0.240731
0.35832 0.250592
0.466237 0.243143
0.510646 0.239967
0.539207 0.247997
0.634221 0.251034
0.697367 0.241129
0.765835 0.242484
0.870071 0.247779
0.921873 0.247347
0.949507 0.237742
0.00783311 0.255724
0.103912 0.260382
0.171237 0.257534
0.232538 0.255364
0.289885 0.266519
0.385845 0.26936
0.416406 0.265206
0.445134 0.26756
0.581994 0.255809
0.668887 0.258257
0.708281 0.2695
0.73997 0.254917
0.788465 0.256217
0.831369 0.253696
0.895095 0.255574
0.98263 0.26184
0.0478235 0.279435
0.0790468 0.276275
0.145975 0.285356
0.203283 0.279811
0.229864 0.28378
0.261856 0.272544
0.319229 0.283194
0.343073 0.273416
0.488661 0.271235
0.526307 0.277459
0.553726 0.285886
0.598594 0.277269
0.647597 0.279749
0.682745 0.282435
0.734509 0.287116
0.759217 0.275114
0.810063 0.274422
0.864682 0.28185
0.890949 0.284793
0.933401 0.271666
0.0245311 0.295744
0.0703763 0.302446
0.100874 0.294923
0.163439 0.304473
0.189293 0.303615
0.29092 0.297824
0.358988 0.294005
0.406724 0.289056
0.447904 0.29574
0.473538 0.295694
0.501849 0.305277
0.527809 0.303061
0.587535 0.304849
0.621945 0.288642
0.645445 0.306359
0.782666 0.297812
0.82958 0.302019
0.947906 0.293513
0.982029 0.289241
0.000541145 0.308636
0.034881 0.324367
0.138123 0.310107
0.227507 0.310004
0.26153 0.315074
0.393984 0.312
0.422473 0.309991
0.547015 0.32184
0.61519 0.31744
0.674616 0.307219
0.709098 0.309327
0.756357 0.308726
0.790344 0.322422
0.815843 0.323992
0.878255 0.307857
0.921353 0.316558
0.949052 0.319781
0.0590499 0.338338
0.0852192 0.325489
0.111262 0.337457
0.151775 0.332033
0.177773 0.331903
0.203818 0.329762
0.290499 0.339223
0.329249 0.328088
0.365197 0.326476
0.438236 0.332016
0.463676 0.325036
0.520271 0.327613
0.57688 0.338253
0.629962 0.342343
0.658741 0.330003
0.690384 0.327573
0.735325 0.328671
0.86095 0.329179
0.895254 0.330274
0.976785 0.330799
0.0204509 0.345418
0.133268 0.351204
0.157851 0.358192
0.223359 0.347848
0.249824 0.346824
0.340673 0.354502
0.380167 0.350181
0.41437 0.343744
0.4467 0.35791
0.48701 0.35241
0.532972 0.350521
0.604213 0.343348
0.682443 0.351873
0.712154 0.354639
0.7773 0.344907
0.816937 0.352024
0.842595 0.353064
0.877383 0.349744
0.950503 0.346705
0.975791 0.356836
0.0479779 0.36447
0.0766088 0.364344
0.120549 0.373457
0.19607 0.362668
0.218844 0.377744
0.247387 0.373585
0.270213 0.362143
0.308745 0.361854
0.421146 0.368623
0.493287 0.377182
0.535476 0.376911
0.559736 0.362441
0.588579 0.375334
0.63036 0.371051
0.661503 0.37457
0.73679 0.364461
0.799388 0.370861
0.888177 0.374675
0.928333 0.361536
0.0133126 0.385899
0.102201 0.395324
0.193207 0.390661
0.267529 0.393216
0.293579 0.389725
0.323936 0.390058
0.352347 0.387976
0.392869 0.383288
0.448881 0.38551
0.55623 0.393059
0.70298 0.385174
0.747937 0.387661
0.77365 0.381841
0.83837 0.380223
0.926116 0.389898
0.953021 0.388025
0.985425 0.381539
0.0381459 0.402143
0.0712146 0.403138
0.137368 0.401883
0.167767 0.39962
0.242682 0.400706
0.282799 0.414093
0.308658 0.411398
0.339732 0.414259
0.424819 0.404638
0.470463 0.400344
0.523226 0.399856
0.589037 0.409364
0.618526 0.412127
0.642611 0.402908
0.676223 0.398204
0.708156 0.412226
0.733763 0.409538
0.821359 0.400071
0.869453 0.40688
0.897255 0.40432
0.0128755 0.415427
0.0494559 0.426502
0.116405 0.425238
0.142038 0.427661
0.16959 0.428614
0.199898 0.422594
0.227368 0.421221
0.377396 0.415915
0.405364 0.426926
0.451514 0.421812
0.498879 0.425803
0.563716 0.426187
0.64096 0.429588
0.676041 0.428635
0.757727 0.427183
0.795467 0.414917
0.823721 0.426666
0.850946 0.425395
0.917281 0.421222
0.944345 0.424017
0.986992 0.418254
0.0222059 0.443814
0.0837557 0.435722
0.186958 0.447779
0.236723 0.445103
0.269971 0.437791
0.317945 0.444087
0.346033 0.440009
0.371488 0.44229
0.541295 0.443003
0.604835 0.435231
0.660117 0.45016
0.703295 0.445543
0.727413 0.434359
0.79946 0.445628
0.880852 0.446645
0.968664 0.43796
0.00912624 0.468356
0.0664661 0.463346
0.0992883 0.458725
0.155459 0.451357
0.212361 0.456173
0.284095 0.468491
0.358043 0.465511
0.396751 0.460793
0.442004 0.454212
0.477842 0.453535
0.514888 0.463209
0.566083 0.452916
0.610585 0.461315
0.636288 0.462497
0.684469 0.462911
0.742628 0.457152
0.771669 0.451811
0.825678 0.455749
0.861348 0.466207
0.914257 0.455949
0.943624 0.455758
0.0332496 0.483826
0.092792 0.485443
0.123429 0.469067
0.143847 0.485757
0.180453 0.484997
0.211236 0.485918
0.235578 0.473017
0.260427 0.481658
0.317476 0.472142
0.340681 0.486401
0.462474 0.479117
0.494038 0.478452
0.535883 0.478581
0.617489 0.486097
0.72003 0.475376
0.7944 0.471297
0.82943 0.483473
0.89071 0.471053
0.949519 0.483903
0.981174 0.472162
0.0560138 0.496994
0.112058 0.502331
0.162082 0.503756
0.240321 0.5026
0.282498 0.496135
0.36402 0.49926
0.411323 0.490152
0.437023 0.4975
0.50194 0.503525
0.529502 0.504566
0.56218 0.493042
0.588147 0.489166
0.645575 0.489447
0.675414 0.490329
0.702294 0.493918
0.758261 0.496413
0.805831 0.494897
0.870478 0.495296
0.897251 0.499553
0.927567 0.504665
0.991256 0.496142
0.015822 0.513687
0.0913247 0.517234
0.188891 0.515945
0.214783 0.519084
0.275707 0.520907
0.30666 0.511917
0.332857 0.512109
0.389714 0.505676
0.415921 0.521916
0.464394 0.506127
0.597195 0.513343
0.622643 0.511421
0.65696 0.51342
0.70405 0.521645
0.728585 0.509392
0.768689 0.520505
0.825463 0.512385
0.884158 0.521497
0.0417185 0.527988
0.0702197 0.53516
0.137604 0.52607
0.24734 0.527403
0.366286 0.526199
0.441626 0.52333
0.482282 0.524965
0.507823 0.532554
0.572041 0.52309
0.625291 0.536924
0.651987 0.540326
0.676855 0.532597
0.802628 0.527168
0.848845 0.531281
0.912616 0.533475
0.955625 0.525517
0.986344 0.537669
0.0157775 0.546965
0.0513978 0.553561
0.103953 0.54542
0.127865 0.557659
0.156968 0.548404
0.183098 0.541373
0.235142 0.551919
0.269165 0.550226
0.295071 0.549927
0.320205 0.543623
0.349083 0.555409
0.397512 0.552334
0.434964 0.549981
0.462213 0.541799
0.48688 0.556729
0.532974 0.54343
0.572835 0.549886
0.600163 0.546256
0.704182 0.547804
0.730221 0.544464
0.758219 0.555561
0.782812 0.545804
0.831083 0.556347
0.872141 0.548837
0.948299 0.552648
0.0329949 0.574404
0.0803675 0.559679
0.168534 0.571445
0.204492 0.55905
0.254071 0.572716
0.291175 0.576324
0.319524 0.571547
0.416859 0.570838
0.512443 0.563981
0.549817 0.574978
0.599495 0.572384
0.634258 0.562198
0.682152 0.561439
0.792103 0.570679
0.860977 0.573828
0.896064 0.562529
0.922961 0.561825
0.972521 0.56936
0.00538549 0.591298
0.0615183 0.580378
0.0951606 0.580606
0.149386 0.588756
0.192926 0.591771
0.229765 0.580658
0.353619 0.582193
0.385667 0.583498
0.443448 0.58297
0.468584 0.578181
0.526718 0.592729
0.574675 0.583662
0.668479 0.586539
0.701989 0.578112
0.747296 0.580942
0.82812 0.585489
0.929281 0.586977
0.99158 0.590274
0.0721965 0.60395
0.112166 0.599937
0.171017 0.606166
0.254731 0.598864
0.31872 0.603701
0.439438 0.61012
0.483039 0.599296
0.556077 0.602643
0.584937 0.609678
0.61254 0.59548
0.637609 0.606742
0.694158 0.611914
0.719611 0.608266
0.760282 0.60423
0.78921 0.599284
0.85136 0.602396
0.880161 0.600685
0.90738 0.605194
0.953434 0.601216
0.0476443 0.61332
0.0949661 0.619629
0.132129 0.617515
0.218087 0.618067
0.250596 0.630933
0.288334 0.618864
0.352403 0.620561
0.378185 0.626589
0.403517 0.617162
0.467675 0.630889
0.528665 0.629501
0.609332 0.621407
0.668675 0.626725
0.742506 0.626583
0.825477 0.61513
0.932202 0.615882
0.975635 0.627478
0.0138534 0.631707
0.0679213 0.638127
0.115161 0.645661
0.141784 0.64141
0.17126 0.634981
0.207968 0.644212
0.315723 0.63365
0.362014 0.649069
0.408491 0.64895
0.438429 0.635656
0.502957 0.632988
0.556194 0.634347
0.581994 0.643423
0.647704 0.643249
0.692298 0.638972
0.76994 0.647021
0.797797 0.639415
0.851792 0.631932
0.889276 0.645321
0.926452 0.643307
0.0172333 0.659992
0.0474167 0.657466
0.183209 0.658008
0.234993 0.654034
0.271711 0.653981
0.305025 0.657815
0.336575 0.654114
0.388331 0.666793
0.446508 0.660147
0.478197 0.663595
0.504332 0.659641
0.610396 0.657247
0.674019 0.659089
0.715697 0.650226
0.833412 0.650403
0.857987 0.663829
0.965082 0.651655
0.989244 0.665731
0.0757278 0.671613
0.103915 0.671329
0.134058 0.667519
0.161206 0.671529
0.203767 0.676941
0.229841 0.685016
0.254824 0.678427
0.293676 0.681191
0.349388 0.68403
0.42506 0.676536
0.525169 0.674608
0.551234 0.667659
0.64157 0.679123
0.748491 0.667722
0.802957 0.679628
0.911483 0.675668
0.942251 0.676403
0.0259666 0.69595
0.124404 0.691334
0.167387 0.699236
0.323511 0.688535
0.392515 0.700558
0.450013 0.689569
0.512528 0.701384
0.537854 0.698308
0.574471 0.686035
0.606277 0.68651
0.677517 0.693727
0.706203 0.686266
0.77746 0.691871
0.837475 0.699227
0.885073 0.693515
0.922278 0.702577
0.955959 0.699049
0.986218 0.698197
0.0556254 0.705077
0.0876249 0.707486
0.125046 0.719919
0.191585 0.710205
0.222866 0.709866
0.256846 0.712797
0.283401 0.707542
0.333365 0.719554
0.36371 0.705211
0.428209 0.711971
0.457733 0.719058
0.482583 0.707975
0.563414 0.721227
0.614701 0.710967
0.709459 0.717821
0.743769 0.709668
0.774375 0.719434
0.800528 0.710771
0.878574 0.719884
0.0187357 0.73086
0.0554545 0.730807
0.149133 0.72963
0.183048 0.736727
0.272477 0.735113
0.306572 0.721295
0.365077 0.738546
0.408898 0.734048
0.482349 0.736591
0.511557 0.734843
0.537163 0.725379
0.590132 0.723526
0.647142 0.725455
0.67453 0.729947
0.806447 0.735919
0.84265 0.729524
0.914144 0.735635
0.943035 0.731085
0.979185 0.728356
0.0825106 0.745168
0.116752 0.744286
0.152021 0.756828
0.212347 0.740462
0.238118 0.741979
0.313496 0.751197
0.424808 0.755146
0.457374 0.744668
0.566926 0.757198
0.5973 0.750872
0.627543 0.74355
0.673737 0.756089
0.699738 0.74385
0.730594 0.749656
0.772358 0.746424
0.82545 0.754298
0.862486 0.746197
0.988507 0.755421
0.0229572 0.760616
0.067419 0.772672
0.0928858 0.76923
0.194476 0.760127
0.222752 0.766166
0.260653 0.757813
0.286375 0.769311
0.336726 0.766455
0.388428 0.75941
0.465 0.77352
0.502136 0.76695
0.543985 0.76934
0.620306 0.769081
0.794612 0.759822
0.846537 0.769879
0.89331 0.762138
0.923469 0.774801
0.949859 0.76731
0.0105899 0.792741
0.0418666 0.778623
0.115248 0.783239
0.140015 0.790431
0.169614 0.779107
0.200959 0.787573
0.240011 0.785086
0.266894 0.788115
0.357203 0.782317
0.416014 0.787821
0.579646 0.780052
0.635558 0.789579
0.657834 0.776214
0.712986 0.783779
0.743184 0.776979
0.76897 0.789602
0.794777 0.792964
0.817779 0.779664
0.870467 0.786429
0.985027 0.785879
0.0523249 0.80211
0.0835302 0.798902
0.157706 0.809271
0.225392 0.809401
0.286545 0.805997
0.311341 0.795749
0.394036 0.805318
0.452195 0.798854
0.491261 0.793915
0.528379 0.806887
0.553924 0.802994
0.600093 0.80042
0.674786 0.797383
0.710939 0.810315
0.738055 0.80506
0.834002 0.804629
0.895096 0.806812
0.921341 0.801623
0.948012 0.800287
0.0291982 0.813028
0.115608 0.821659
0.140262 0.829013
0.180697 0.825477
0.253608 0.816389
0.333637 0.819793
0.372864 0.819808
0.423364 0.812558
0.444105 0.828487
0.486728 0.820356
0.588759 0.823527
0.621565 0.81609
0.65575 0.816594
0.762835 0.825476
0.808746 0.814943
0.859096 0.824545
0.969694 0.819031
0.0117644 0.836376
0.050111 0.839316
0.077968 0.831711
0.101072 0.844378
0.206483 0.830738
0.253488 0.843914
0.278085 0.830067
0.311924 0.84301
0.353639 0.841703
0.415769 0.836967
0.466579 0.840939
0.529641 0.833736
0.564353 0.833617
0.607274 0.841459
0.634401 0.839716
0.67383 0.843042
0.701136 0.8341
0.730135 0.829552
0.787969 0.832304
0.832315 0.830077
0.910621 0.832002
0.943637 0.82956
0.991513 0.84613
0.122395 0.858939
0.155692 0.849347
0.193309 0.853026
0.225955 0.852942
0.284902 0.859419
0.382609 0.847821
0.44418 0.863843
0.48222 0.861491
0.507116 0.853951
0.530091 0.865431
0.555498 0.859232
0.704594 0.865097
0.737635 0.863163
0.776758 0.864765
0.828704 0.856114
0.872367 0.849294
0.906286 0.863491
0.92987 0.851456
0.962982 0.850377
0.00757349 0.871379
0.0388788 0.873386
0.063685 0.879511
0.087735 0.866644
0.140159 0.880137
0.170085 0.871071
0.193195 0.883134
0.220065 0.880791
0.245714 0.869538
0.304738 0.876091
0.331077 0.879229
0.358008 0.88252
0.392321 0.873827
0.416484 0.86566
0.505261 0.881868
0.593322 0.867911
0.635817 0.875559
0.678913 0.873663
0.80346 0.871794
0.829725 0.882024
0.882342 0.873288
0.946834 0.870982
0.98331 0.880936
0.161664 0.90029
0.253182 0.898438
0.277226 0.886601
0.425446 0.898635
0.458579 0.896119
0.538741 0.891384
0.584727 0.895681
0.611165 0.887539
0.651362 0.900543
0.698775 0.898353
0.754413 0.888023
0.782898 0.892303
0.81127 0.899621
0.854821 0.889274
0.950249 0.897632
0.000584553 0.919002
0.0259014 0.914499
0.057078 0.918799
0.0786701 0.901801
0.116323 0.905618
0.190727 0.909219
0.220537 0.913953
0.280939 0.913136
0.310908 0.915287
0.372965 0.905615
0.487442 0.913039
0.56771 0.915533
0.609971 0.919443
0.682677 0.919146
0.729761 0.905244
0.754173 0.917528
0.835316 0.908473
0.897295 0.905578
0.92363 0.902761
0.983296 0.907055
0.143423 0.928582
0.169885 0.929568
0.346217 0.926109
0.41074 0.919948
0.43608 0.936913
0.516368 0.923904
0.542511 0.922638
0.644935 0.932768
0.709711 0.931403
0.779226 0.923294
0.815388 0.925024
0.843573 0.932955
0.870295 0.934276
0.896215 0.93631
0.920753 0.928855
0.946916 0.929349
0.985335 0.934626
0.0100919 0.943153
0.088187 0.940534
0.114021 0.952681
0.154773 0.954065
0.193347 0.943192
0.255012 0.940658
0.298675 0.940097
0.343457 0.95228
0.3716 0.939655
0.398572 0.943132
0.46425 0.942473
0.492534 0.938475
0.517365 0.949479
0.549377 0.948707
0.58024 0.941112
0.623487 0.949156
0.670139 0.951109
0.731435 0.954446
0.755182 0.944216
0.82387 0.952138
0.936789 0.952844
0.0344354 0.956221
0.0723925 0.961549
0.197418 0.972897
0.22811 0.959135
0.274609 0.957268
0.301425 0.97333
0.372178 0.965475
0.43402 0.969533
0.491017 0.96481
0.703124 0.960746
0.771726 0.96471
0.797132 0.958674
0.843707 0.96881
0.889992 0.96332
0.965657 0.96121
0.021417 0.978415
0.0486988 0.985792
0.0742751 0.988354
0.104267 0.98162
0.137186 0.978146
0.16694 0.980638
0.2243 0.99142
0.259559 0.982386
0.283681 0.991705
0.32241 0.990978
0.348297 0.985133
0.383535 0.990163
0.405726 0.976127
0.462375 0.991492
0.492951 0.990528
0.524041 0.976762
0.553478 0.9801
0.583567 0.974902
0.610701 0.987225
0.650546 0.985496
0.678413 0.976958
0.704066 0.988234
0.750895 0.990264
0.777871 0.991392
0.804778 0.990561
0.863543 0.985483
0.894633 0.989801
0.921792 0.976469
0.952173 0.987078
0.983054 0.982703
