0.0208989 0.0167685
0.0748633 0.01482
0.10012 0.0108101
0.143141 0.0103735
0.204352 0.00101125
0.229326 0.00785909
0.267042 0.00456153
0.294104 0.0136507
0.386684 0.00277621
0.413833 0.00614245
0.446976 0.00993424
0.476242 0.0175826
0.502337 0.00541476
0.529024 0.00378866
0.559485 0.000956213
0.611674 0.0011551
0.658379 0.00348324
0.718015 0.0149212
0.749447 0.0144648
0.797269 0.00927714
0.839644 0.0147742
0.86697 0.00965138
0.905262 0.0001885
0.931584 0.000365467
0.965358 0.00882466
0.0494029 0.0200849
0.12909 0.0349593
0.167734 0.02396
0.204446 0.0337215
0.256631 0.0295527
0.323284 0.0305287
0.34599 0.0187928
0.569882 0.0257351
0.595443 0.0221993
0.631493 0.0290974
0.663715 0.0343829
0.691549 0.0253892
0.77562 0.0230875
0.814728 0.0286816
0.904699 0.0259797
0.931706 0.0339887
0.985306 0.0326007
0.0266069 0.0472483
0.0529281 0.045499
0.0796595 0.0429893
0.180116 0.0528837
0.229171 0.0405313
0.292112 0.040466
0.341935 0.0540199
0.364136 0.0388797
0.397889 0.0459772
0.426357 0.0361215
0.475893 0.0450646
0.51027 0.0369372
0.535293 0.0487454
0.715756 0.0495795
0.739572 0.0386694
0.783181 0.0481469
0.840408 0.0405118
0.869401 0.0374006
0.956143 0.0451221
0.0640561 0.069227
0.106479 0.0621697
0.144194 0.0628702
0.204694 0.0618628
0.270619 0.0551378
0.313063 0.0554699
0.45365 0.0591491
0.498605 0.0629078
0.570752 0.0586065
0.598564 0.0650888
0.637661 0.0678905
0.679146 0.0589783
0.744791 0.0640431
0.803248 0.067886
0.856692 0.0637264
0.888398 0.0569274
0.921011 0.066309
0.946213 0.0718506
0.991488 0.0586828
0.000666592 0.0803167
0.0301873 0.0754879
0.125064 0.0826393
0.150718 0.0890632
0.184612 0.0786604
0.227244 0.0739779
0.25634 0.0784354
0.284785 0.0881657
0.317792 0.0836994
0.368106 0.0729821
0.415273 0.0809371
0.518914 0.07864
0.551618 0.0861892
0.619027 0.0864895
0.66372 0.0822488
0.704757 0.0783224
0.731417 0.087071
0.772521 0.0798259
0.832694 0.0769188
0.89723 0.0816973
0.972266 0.0758706
0.0293573 0.105987
0.0723506 0.0935194
0.100509 0.0921137
0.207443 0.0954776
0.238477 0.10283
0.301828 0.107636
0.346589 0.103436
0.377603 0.0966729
0.431534 0.105578
0.45699 0.0953353
0.482826 0.0903391
0.524404 0.107599
0.568846 0.106493
0.591952 0.0932843
0.642071 0.103827
0.691115 0.10726
0.716672 0.10805
0.850878 0.106743
0.873252 0.0931603
0.926674 0.0918861
0.961095 0.107317
0.00433312 0.112935
0.0543952 0.112559
0.0829844 0.11829
0.12879 0.110599
0.181934 0.125994
0.209918 0.121955
0.273684 0.117575
0.331924 0.12476
0.406243 0.109065
0.487672 0.120843
0.589275 0.122008
0.620237 0.120069
0.666237 0.113251
0.746602 0.123004
0.768016 0.10848
0.797595 0.110145
0.823732 0.11004
0.904218 0.112178
0.942486 0.124793
0.991541 0.112126
0.0233929 0.134649
0.118994 0.136732
0.155029 0.132153
0.247019 0.131506
0.286753 0.142027
0.374709 0.133516
0.42817 0.131164
0.455339 0.137675
0.507508 0.137516
0.550059 0.130865
0.646872 0.13177
0.689887 0.134775
0.717007 0.134581
0.761227 0.14397
0.786477 0.134194
0.817685 0.136155
0.844596 0.134295
0.887882 0.135428
0.969243 0.135889
0.00216655 0.156531
0.0716027 0.147887
0.0970874 0.150646
0.140143 0.155062
0.214133 0.152474
0.239516 0.160623
0.321879 0.161714
0.356987 0.154849
0.413349 0.151944
0.586575 0.148161
0.617726 0.156417
0.667285 0.147341
0.922441 0.14911
0.990647 0.152085
0.0178126 0.177147
0.0458304 0.167565
0.115357 0.171342
0.183406 0.163127
0.270496 0.163096
0.292767 0.177282
0.381291 0.173426
0.45068 0.163783
0.477039 0.162329
0.505798 0.171401
0.531309 0.167942
0.568494 0.173873
0.596867 0.175885
0.659669 0.17444
0.688853 0.162677
0.716303 0.174883
0.750737 0.167391
0.784929 0.179166
0.810657 0.166796
0.841806 0.178372
0.881327 0.164043
0.953346 0.168533
0.0378452 0.192959
0.0636552 0.196113
0.0887157 0.182787
0.160335 0.192955
0.19526 0.189609
0.221832 0.181412
0.258626 0.189434
0.328231 0.192045
0.355908 0.183049
0.428085 0.186993
0.46504 0.187254
0.51359 0.19648
0.624492 0.181846
0.695205 0.194138
0.866821 0.192447
0.904899 0.185055
0.932449 0.192834
0.990912 0.183603
0.0169672 0.207921
0.118225 0.202563
0.224763 0.210325
0.289317 0.207313
0.347048 0.21217
0.389218 0.211987
0.415864 0.214791
0.478676 0.209486
0.560923 0.201295
0.592911 0.214468
0.640059 0.202181
0.667961 0.202546
0.723711 0.212855
0.757433 0.201149
0.805885 0.200042
0.836921 0.207102
0.898076 0.211666
0.963434 0.198613
0.987261 0.213897
0.0494508 0.228319
0.0940595 0.21669
0.129118 0.229901
0.198417 0.216395
0.278824 0.233054
0.305049 0.228756
0.330582 0.233681
0.36665 0.229821
0.442898 0.217181
0.518388 0.222142
0.541589 0.233378
0.61871 0.217388
0.692905 0.23289
0.77848 0.21638
0.858446 0.223287
0.92244 0.21968
0.948834 0.220723
0.00137126 0.236416
0.0358398 0.25211
0.0746774 0.240293
0.156418 0.235475
0.194389 0.242053
0.220036 0.244501
0.246408 0.23581
0.406779 0.243301
0.483668 0.234763
0.50846 0.245828
0.579208 0.239128
0.628222 0.241621
0.66501 0.235175
0.71603 0.250479
0.740879 0.240536
0.777176 0.245356
0.817994 0.234617
0.881075 0.23702
0.928928 0.244554
0.971121 0.241531
0.00525381 0.267691
0.063685 0.266449
0.103236 0.257005
0.143997 0.257965
0.176152 0.261598
0.278324 0.260026
0.321463 0.261771
0.358702 0.263761
0.387484 0.26632
0.426322 0.263042
0.462433 0.255243
0.518541 0.269808
0.562789 0.268056
0.604454 0.257056
0.666159 0.264734
0.745493 0.270243
0.81332 0.259757
0.848643 0.252512
0.873192 0.267184
0.905764 0.256655
0.927884 0.270251
0.951193 0.25915
0.990888 0.260791
0.0961483 0.287721
0.126863 0.281267
0.151991 0.285679
0.233077 0.273629
0.334402 0.284776
0.481054 0.280291
0.593449 0.280307
0.646583 0.282272
0.692356 0.283184
0.72031 0.287695
0.768454 0.281969
0.796622 0.279536
0.824779 0.284718
0.850112 0.280559
0.978759 0.283468
0.0277081 0.289654
0.0684537 0.29802
0.175739 0.299098
0.204854 0.290812
0.270139 0.293802
0.295852 0.296498
0.394586 0.295722
0.423228 0.297314
0.449744 0.290245
0.503194 0.299493
0.534364 0.29997
0.561215 0.297037
0.619034 0.289412
0.887199 0.288902
0.930932 0.296249
0.957246 0.297638
0.00963831 0.313001
0.0451477 0.311923
0.0862799 0.323077
0.130602 0.311683
0.198666 0.324346
0.228301 0.313264
0.275071 0.320945
0.309322 0.318459
0.336333 0.311299
0.366341 0.310719
0.440039 0.317993
0.578372 0.316965
0.605 0.317025
0.669813 0.319783
0.695413 0.315072
0.725125 0.323983
0.760882 0.312734
0.78651 0.319918
0.81302 0.308595
0.848374 0.313267
0.875658 0.318617
0.906873 0.318109
0.983208 0.321258
0.00296211 0.338178
0.0291062 0.334101
0.0619493 0.337358
0.115078 0.332974
0.170505 0.328719
0.248137 0.329937
0.354879 0.333692
0.386472 0.342473
0.416623 0.329489
0.468892 0.325426
0.504097 0.331806
0.558494 0.342514
0.613582 0.342552
0.637015 0.324895
0.759135 0.338787
0.819564 0.333434
0.858532 0.338034
0.925204 0.336712
0.949093 0.324757
0.0443698 0.358006
0.0996436 0.357834
0.145208 0.344559
0.187372 0.348596
0.216238 0.352013
0.249016 0.355984
0.275503 0.351188
0.300762 0.343048
0.332172 0.345769
0.359879 0.358941
0.433492 0.357338
0.468942 0.354748
0.528757 0.343389
0.587463 0.348632
0.645262 0.349063
0.673091 0.347767
0.698906 0.345681
0.78972 0.359499
0.838944 0.355079
0.880985 0.358965
0.946546 0.351454
0.980788 0.355478
0.0222895 0.371976
0.0687792 0.367446
0.125409 0.367055
0.162466 0.376621
0.29216 0.375932
0.326292 0.371086
0.404874 0.366762
0.498372 0.367317
0.526135 0.375238
0.569278 0.370764
0.628482 0.368587
0.659167 0.371755
0.689163 0.370015
0.734345 0.365481
0.763447 0.366936
0.816379 0.37573
0.92368 0.363133
0.956191 0.376777
0.04314 0.387001
0.0732084 0.393253
0.134921 0.392266
0.188006 0.387262
0.224937 0.384493
0.264716 0.38413
0.365161 0.390082
0.436133 0.382817
0.459168 0.395988
0.493017 0.394617
0.547298 0.394014
0.597552 0.378712
0.619009 0.392587
0.676994 0.393917
0.714567 0.383173
0.795564 0.39249
0.855389 0.382128
0.881949 0.385318
0.909301 0.386918
0.986219 0.3848
0.00252274 0.406432
0.0563729 0.412612
0.0982366 0.404892
0.208486 0.414058
0.246858 0.40432
0.301173 0.404181
0.405094 0.40469
0.43993 0.413112
0.509367 0.414214
0.586449 0.404689
0.649815 0.404749
0.749806 0.397605
0.834587 0.403011
0.860309 0.408561
0.908661 0.414587
0.94345 0.402204
0.0216906 0.423526
0.0925405 0.431828
0.155509 0.421439
0.249621 0.429749
0.27412 0.414731
0.30825 0.431202
0.341175 0.415834
0.369055 0.418
0.466516 0.424461
0.568075 0.42682
0.608388 0.427423
0.697562 0.426051
0.730228 0.420664
0.757873 0.426104
0.784391 0.432257
0.812719 0.423165
0.97861 0.427478
0.0454082 0.441877
0.130094 0.434137
0.184778 0.433464
0.223758 0.434513
0.278593 0.440884
0.353008 0.439487
0.380174 0.4438
0.41519 0.441071
0.502439 0.448313
0.524706 0.43558
0.552524 0.450536
0.582048 0.448506
0.645822 0.436481
0.677046 0.442194
0.709823 0.450055
0.736406 0.448293
0.845918 0.44339
0.877583 0.437783
0.905685 0.440893
0.936108 0.434931
0.00585851 0.45691
0.0326253 0.464972
0.073102 0.46153
0.108972 0.455346
0.14993 0.450809
0.179022 0.467134
0.210061 0.456153
0.242646 0.464312
0.333715 0.457262
0.426721 0.465566
0.449875 0.45299
0.477266 0.458573
0.530361 0.467314
0.60692 0.454145
0.632294 0.459217
0.763362 0.466234
0.789058 0.458076
0.815051 0.465221
0.880933 0.465408
0.915342 0.465219
0.9748 0.454379
0.0622835 0.485536
0.133273 0.475933
0.223268 0.48149
0.265373 0.476828
0.290891 0.47487
0.33044 0.483549
0.356809 0.483515
0.385933 0.469254
0.497298 0.479455
0.568918 0.471592
0.615277 0.482085
0.640761 0.484883
0.663683 0.469749
0.692707 0.479686
0.73843 0.479717
0.848339 0.472327
0.954118 0.472149
0.98681 0.481751
0.0105218 0.494967
0.036677 0.492565
0.0989059 0.493657
0.145611 0.498465
0.208933 0.503378
0.288597 0.502034
0.380211 0.494111
0.414889 0.49028
0.444116 0.500985
0.471609 0.487077
0.524411 0.493338
0.552263 0.492035
0.600426 0.503027
0.669812 0.494868
0.752186 0.501334
0.780445 0.500102
0.842594 0.500203
0.866751 0.490708
0.912126 0.491868
0.940502 0.496416
0.0354857 0.519214
0.0677949 0.512517
0.110998 0.519787
0.181157 0.509382
0.257263 0.506426
0.314003 0.506999
0.339783 0.516401
0.366022 0.518787
0.400907 0.515924
0.475607 0.513175
0.512959 0.516946
0.567467 0.520799
0.624892 0.513901
0.689181 0.513416
0.714583 0.508444
0.805058 0.508446
0.888012 0.505672
0.920579 0.518173
0.960867 0.51785
0.987463 0.508221
0.000695728 0.52426
0.13556 0.528973
0.198436 0.535021
0.229276 0.535531
0.262031 0.540168
0.286454 0.532371
0.420744 0.532596
0.452127 0.529765
0.492709 0.538528
0.536275 0.531037
0.639591 0.535243
0.669898 0.540495
0.73958 0.525257
0.783391 0.532629
0.825609 0.524173
0.853388 0.529526
0.990302 0.533694
0.0103267 0.556715
0.0418383 0.544094
0.0859359 0.547246
0.120622 0.549883
0.151501 0.548901
0.177229 0.555118
0.311291 0.554604
0.336638 0.543079
0.36156 0.550657
0.38926 0.556025
0.428845 0.558523
0.473465 0.556809
0.516406 0.547998
0.605358 0.541007
0.701758 0.546045
0.75227 0.547651
0.808507 0.556161
0.83465 0.550942
0.886669 0.544699
0.935704 0.541237
0.968963 0.548465
0.0615974 0.563255
0.0904725 0.576927
0.159622 0.5743
0.210175 0.5612
0.25474 0.564637
0.281855 0.575258
0.337602 0.570167
0.451169 0.572594
0.493123 0.574548
0.542629 0.5661
0.57334 0.561197
0.618436 0.572959
0.692857 0.572984
0.721123 0.564486
0.788977 0.574739
0.911763 0.564562
0.950994 0.567557
0.991643 0.564869
0.0267486 0.577917
0.0499997 0.59006
0.128977 0.59187
0.190301 0.580732
0.231252 0.581656
0.308678 0.582273
0.364051 0.585839
0.390094 0.583657
0.41377 0.593328
0.518658 0.585782
0.593192 0.578438
0.647378 0.578729
0.75092 0.578077
0.814116 0.591682
0.837308 0.578879
0.864926 0.577622
0.973214 0.582943
0.00574697 0.597023
0.088685 0.605723
0.169989 0.59855
0.20727 0.602295
0.238601 0.608252
0.263646 0.600339
0.330821 0.596987
0.37911 0.606819
0.43908 0.597209
0.482602 0.598325
0.540262 0.606791
0.564028 0.595419
0.590514 0.606259
0.621044 0.598847
0.649961 0.605762
0.680392 0.59668
0.708134 0.610469
0.74564 0.603739
0.784494 0.609376
0.8557 0.608222
0.890271 0.59637
0.925873 0.602487
0.981339 0.607351
0.00470726 0.624791
0.0316766 0.618196
0.0654377 0.618928
0.103085 0.627
0.128036 0.619472
0.178325 0.623536
0.28114 0.620471
0.318998 0.621809
0.355773 0.62511
0.403327 0.617082
0.428335 0.622441
0.45472 0.617723
0.515335 0.623692
0.56854 0.623063
0.61555 0.629312
0.674605 0.624226
0.890086 0.621949
0.914498 0.629815
0.955699 0.613177
0.0451644 0.644729
0.126996 0.647434
0.153883 0.632474
0.200896 0.636441
0.242489 0.643838
0.305144 0.645196
0.332953 0.644947
0.390605 0.640956
0.42959 0.648579
0.457598 0.648266
0.480619 0.636455
0.547092 0.639451
0.578838 0.647681
0.649619 0.647399
0.697234 0.637959
0.746194 0.633465
0.773018 0.637686
0.804259 0.646852
0.82867 0.632903
0.862978 0.636062
0.937087 0.646098
0.973119 0.642086
0.00373422 0.65152
0.066093 0.665321
0.0980192 0.655587
0.153394 0.660846
0.178325 0.654239
0.219152 0.659432
0.262278 0.664951
0.28839 0.664444
0.488309 0.665697
0.520954 0.65445
0.612504 0.659085
0.719863 0.651691
0.760599 0.663172
0.845487 0.656551
0.877464 0.660045
0.911185 0.657991
0.0120998 0.680762
0.0408082 0.670342
0.131151 0.673423
0.175035 0.68081
0.201764 0.679155
0.238592 0.677278
0.314553 0.67134
0.34558 0.684608
0.369937 0.668912
0.42307 0.67753
0.459715 0.675957
0.531631 0.679184
0.561038 0.675859
0.588412 0.67143
0.610307 0.684948
0.645676 0.682109
0.676687 0.67765
0.740925 0.680539
0.794557 0.673089
0.858824 0.681582
0.88823 0.68379
0.944288 0.681901
0.972658 0.668102
0.0558024 0.693109
0.0989314 0.686859
0.121049 0.699632
0.150988 0.690096
0.226523 0.699897
0.27555 0.689774
0.398529 0.6862
0.582985 0.699392
0.711707 0.692659
0.760143 0.700458
0.80211 0.701292
0.826279 0.687408
0.923916 0.702682
0.990056 0.695567
0.0210414 0.707317
0.0451869 0.720783
0.0998008 0.715738
0.146295 0.719324
0.170824 0.706769
0.197361 0.705493
0.262664 0.713206
0.288952 0.7124
0.321566 0.708284
0.359403 0.710969
0.385262 0.712528
0.40961 0.720289
0.441812 0.708558
0.468676 0.716764
0.498844 0.707701
0.544598 0.713399
0.658929 0.709175
0.684266 0.705987
0.734852 0.708127
0.845865 0.704326
0.872467 0.707948
0.970361 0.716713
0.0714341 0.726055
0.122555 0.734273
0.193255 0.730919
0.238803 0.727674
0.357515 0.737543
0.429447 0.736961
0.511985 0.738051
0.573569 0.729858
0.620997 0.722956
0.696441 0.728843
0.722648 0.732158
0.76152 0.738134
0.78923 0.724357
0.834015 0.727511
0.895595 0.72174
0.927301 0.73413
0.0152588 0.747041
0.0422506 0.755027
0.0949591 0.751381
0.146859 0.746262
0.173785 0.752542
0.235097 0.754882
0.286186 0.739598
0.314134 0.745418
0.386485 0.743661
0.468665 0.749795
0.53788 0.745093
0.599666 0.740491
0.646382 0.745915
0.671417 0.752072
0.738909 0.752534
0.808521 0.744252
0.872407 0.739291
0.894927 0.754236
0.948086 0.753118
0.991498 0.740103
0.0116034 0.772384
0.0690622 0.76184
0.154359 0.772014
0.202674 0.760549
0.260116 0.759976
0.285147 0.76756
0.333689 0.772377
0.360614 0.76558
0.400347 0.766454
0.450653 0.76954
0.494367 0.757866
0.524505 0.772235
0.568251 0.758135
0.596964 0.766713
0.623816 0.760591
0.713748 0.763517
0.775844 0.762802
0.801642 0.770189
0.832983 0.758837
0.866285 0.772957
0.973714 0.763933
0.0409473 0.781233
0.0644088 0.791665
0.0894599 0.786203
0.128823 0.780763
0.182969 0.777415
0.213542 0.78602
0.247278 0.78255
0.311325 0.78525
0.349992 0.793308
0.424535 0.777388
0.470925 0.786979
0.499015 0.789984
0.569199 0.787655
0.636561 0.788631
0.662089 0.783508
0.689054 0.775753
0.728703 0.78757
0.754291 0.777476
0.842205 0.783882
0.89248 0.784757
0.91727 0.77849
0.945026 0.780117
0.00450113 0.807845
0.128829 0.809098
0.167719 0.809643
0.273308 0.806279
0.386381 0.794662
0.445499 0.796893
0.524204 0.802049
0.599909 0.795228
0.788909 0.80775
0.813601 0.793922
0.931781 0.80951
0.968417 0.793489
0.989166 0.808997
0.0326893 0.812701
0.0673831 0.818247
0.107057 0.826249
0.208319 0.818475
0.249108 0.820138
0.295937 0.820012
0.341513 0.817653
0.403244 0.821704
0.428443 0.827972
0.490843 0.820671
0.556133 0.81195
0.582387 0.819614
0.611912 0.82064
0.66681 0.820532
0.701154 0.815319
0.730835 0.817498
0.760963 0.826572
0.813167 0.821388
0.838264 0.828238
0.866418 0.815546
0.899617 0.81392
0.0157257 0.833255
0.0827846 0.838723
0.127397 0.844667
0.153466 0.836448
0.229362 0.84127
0.286465 0.84621
0.319404 0.830762
0.366938 0.836832
0.459729 0.835343
0.530434 0.836997
0.560612 0.839746
0.639513 0.831836
0.666604 0.847362
0.703991 0.843653
0.88515 0.836459
0.91955 0.837106
0.960688 0.829551
0.990373 0.83537
0.0392169 0.854051
0.157683 0.862799
0.197098 0.849852
0.257918 0.859845
0.315519 0.856202
0.34378 0.850248
0.406548 0.856873
0.436769 0.862231
0.496697 0.849194
0.525116 0.863408
0.597061 0.857503
0.640748 0.858691
0.749246 0.858096
0.794009 0.854982
0.863759 0.851523
0.903101 0.862173
0.979726 0.86362
0.011985 0.870383
0.0434923 0.881288
0.0863378 0.868004
0.1199 0.872908
0.292 0.881918
0.317622 0.881778
0.345793 0.879241
0.381435 0.869177
0.471614 0.877872
0.500134 0.878658
0.563811 0.865736
0.618469 0.87803
0.684247 0.867151
0.725018 0.871406
0.795244 0.881019
0.825605 0.868055
0.935122 0.869152
0.960851 0.881622
0.0685244 0.886695
0.108974 0.896409
0.142538 0.887018
0.171445 0.893963
0.200043 0.889359
0.228194 0.887297
0.257865 0.890418
0.418967 0.886845
0.444348 0.901038
0.538923 0.888012
0.563375 0.898505
0.589944 0.887015
0.664234 0.893361
0.711278 0.892963
0.766967 0.895683
0.815489 0.899176
0.872485 0.887646
0.898628 0.887906
0.00212368 0.918256
0.0244118 0.903582
0.0726484 0.915033
0.269725 0.913433
0.30518 0.906519
0.355741 0.910886
0.390556 0.907759
0.423988 0.919233
0.48457 0.90212
0.519387 0.918863
0.598039 0.917655
0.639743 0.902889
0.68897 0.9069
0.735285 0.902539
0.850453 0.904764
0.913736 0.908637
0.943948 0.901928
0.978676 0.906406
0.0221991 0.937442
0.110214 0.933622
0.135502 0.927926
0.160001 0.920248
0.185452 0.925315
0.21245 0.928289
0.238943 0.925426
0.291952 0.933743
0.322033 0.927142
0.475418 0.928322
0.554343 0.923334
0.577061 0.93636
0.622492 0.925994
0.65008 0.932851
0.755911 0.930255
0.798793 0.924755
0.830617 0.934227
0.871702 0.923324
0.902279 0.931682
0.938213 0.936191
0.98085 0.932333
0.000984825 0.954605
0.0501322 0.938579
0.0779196 0.941438
0.195482 0.948957
0.262376 0.947418
0.359128 0.941293
0.394948 0.938692
0.423758 0.948313
0.459361 0.948967
0.511849 0.953831
0.537354 0.955568
0.60415 0.944728
0.686945 0.939898
0.716647 0.938678
0.966073 0.954223
0.0379973 0.963939
0.0644781 0.964517
0.0923467 0.972979
0.129352 0.957999
0.168596 0.95654
0.236864 0.963319
0.278861 0.970552
0.307858 0.95698
0.334711 0.959442
0.383473 0.970607
0.483004 0.95905
0.558436 0.971056
0.584167 0.962561
0.621971 0.973313
0.6489 0.972165
0.677792 0.973336
0.718243 0.964198
0.753627 0.966848
0.791607 0.958597
0.832204 0.962824
0.864758 0.965803
0.907542 0.958993
0.991266 0.967927
0.0133147 0.978711
0.0363946 0.990593
0.0664701 0.990216
0.120207 0.991011
0.161281 0.985932
0.189135 0.984608
0.215364 0.989416
0.250007 0.98538
0.294921 0.991191
0.318619 0.981364
0.35453 0.98418
0.408896 0.974125
0.436592 0.980065
0.463537 0.979668
0.501281 0.978418
0.532162 0.987868
0.599014 0.988351
0.701886 0.989541
0.737434 0.989694
0.77919 0.9869
0.810459 0.982663
0.837888 0.991657
0.864055 0.991393
0.887522 0.978575
0.931634 0.982154
0.977739 0.990164
