0.00229108 0.0164494
0.0429166 0.0111633
0.0942781 0.00487656
0.15518 0.0105855
0.184949 0.00677064
0.212833 0.00111568
0.274791 0.00434362
0.360185 0.0167415
0.394621 0.0141025
0.425488 0.00410587
0.4506 0.0171342
0.475129 0.00125331
0.50259 0.0123206
0.533925 0.0129069
0.557335 0.000875338
0.601982 0.0125397
0.633268 0.013434
0.691139 0.000218594
0.725527 0.0152158
0.746709 0.000472994
0.852299 0.00926986
0.881938 0.0162126
0.946257 0.010741
0.0702832 0.0183992
0.115111 0.0203921
0.188751 0.0320593
0.235214 0.0184234
0.312222 0.019733
0.424842 0.0328488
0.57624 0.019685
0.675569 0.0204866
0.70076 0.0295118
0.765775 0.0229145
0.809288 0.023195
0.908807 0.0279369
0.969556 0.0212893
0.991546 0.035962
0.0308906 0.0387749
0.0571172 0.0440729
0.0843571 0.0475468
0.133177 0.0502997
0.159474 0.044569
0.212066 0.0439363
0.262608 0.0386587
0.288346 0.0399838
0.324472 0.0461349
0.37086 0.0406966
0.474793 0.0401562
0.509379 0.0370978
0.533783 0.0515739
0.559205 0.0401308
0.595383 0.0404997
0.646676 0.0423026
0.742525 0.0377545
0.766026 0.0521767
0.789446 0.0411263
0.830536 0.0406936
0.862144 0.0408195
0.888189 0.045792
0.932798 0.0381775
0.958564 0.0474109
0.00426404 0.0551454
0.217178 0.0709557
0.242038 0.0546484
0.273294 0.0720203
0.347863 0.0578274
0.399035 0.0543319
0.446507 0.0595179
0.509376 0.0628143
0.568872 0.0713256
0.594783 0.0668924
0.619793 0.0569392
0.664226 0.0646614
0.690945 0.0646179
0.729913 0.0696771
0.815054 0.0650959
0.858629 0.0706636
0.888652 0.0717429
0.91337 0.0560939
0.982455 0.0633688
0.00588891 0.0854989
0.0326655 0.0848158
0.0719703 0.0733021
0.0981739 0.0761942
0.123734 0.0777662
0.157212 0.0821724
0.185433 0.0776257
0.237227 0.0882636
0.305871 0.0816981
0.334012 0.0799871
0.378908 0.0746484
0.424219 0.0731146
0.469632 0.0738474
0.496604 0.0873731
0.626518 0.0889148
0.752592 0.0816794
0.777632 0.0764477
0.931645 0.0759604
0.960549 0.0807359
0.061012 0.102185
0.130933 0.107745
0.177584 0.103277
0.203852 0.10368
0.260877 0.102524
0.342983 0.106616
0.373005 0.101122
0.407969 0.0992653
0.449458 0.101273
0.538922 0.0921597
0.567217 0.0973755
0.601233 0.104761
0.653364 0.0918871
0.685684 0.0930044
0.712696 0.0971441
0.745574 0.107169
0.77367 0.102354
0.800261 0.0901804
0.833995 0.10007
0.899719 0.101821
0.94557 0.104747
0.974383 0.102662
0.0149631 0.113002
0.0396737 0.123251
0.0874338 0.116839
0.284661 0.117476
0.309235 0.108816
0.392007 0.11949
0.420517 0.122221
0.47956 0.115256
0.515412 0.111375
0.541113 0.118722
0.581419 0.121245
0.627859 0.125216
0.672212 0.115604
0.804762 0.119897
0.861852 0.113103
0.930895 0.125935
0.00462864 0.140749
0.071918 0.139611
0.1109 0.143813
0.137066 0.133266
0.17068 0.129859
0.202369 0.133307
0.228292 0.136994
0.272225 0.139762
0.329452 0.128735
0.372183 0.13983
0.444218 0.141858
0.483729 0.141164
0.513946 0.14408
0.56061 0.140041
0.603984 0.138735
0.687883 0.136075
0.711971 0.126415
0.74619 0.139842
0.772124 0.130142
0.830252 0.130394
0.905047 0.136792
0.954768 0.14024
0.988928 0.143182
0.0351709 0.150196
0.165325 0.155928
0.196287 0.159843
0.24751 0.160702
0.302809 0.147397
0.398062 0.151336
0.462102 0.160048
0.642865 0.161038
0.664871 0.147217
0.725923 0.161844
0.79196 0.146815
0.850118 0.14941
0.883599 0.15318
0.00745118 0.168057
0.0662085 0.168659
0.106764 0.169969
0.135395 0.169549
0.272878 0.165845
0.304624 0.174811
0.338608 0.167443
0.364309 0.164776
0.416622 0.173814
0.505371 0.174509
0.535473 0.165343
0.563169 0.167235
0.587839 0.1749
0.611813 0.164325
0.662414 0.179458
0.685498 0.167243
0.748277 0.177045
0.773532 0.171688
0.830139 0.170114
0.863049 0.18024
0.923839 0.165958
0.949739 0.171712
0.975457 0.170325
0.028181 0.190408
0.0899502 0.190762
0.125969 0.195866
0.153119 0.189935
0.194362 0.185447
0.220311 0.184513
0.245578 0.190172
0.349359 0.195452
0.378509 0.187061
0.440119 0.190111
0.468049 0.197067
0.528807 0.191548
0.635465 0.186342
0.685489 0.19813
0.724483 0.187364
0.777325 0.197093
0.810433 0.189124
0.898124 0.180414
0.978709 0.195862
0.000876678 0.208915
0.0516804 0.215262
0.102919 0.213445
0.145932 0.216005
0.178824 0.21196
0.206363 0.216165
0.235281 0.215242
0.290725 0.202741
0.319258 0.198677
0.398597 0.203125
0.496132 0.200633
0.557063 0.214574
0.587102 0.213382
0.612684 0.201344
0.657397 0.205166
0.720042 0.213302
0.749048 0.211757
0.838596 0.199734
0.868148 0.213547
0.897267 0.206036
0.930544 0.205016
0.0249216 0.224662
0.0774431 0.216816
0.261531 0.218148
0.335933 0.22068
0.376471 0.222901
0.434564 0.218871
0.458861 0.22699
0.632388 0.233844
0.683454 0.229509
0.772722 0.228856
0.810719 0.218013
0.842489 0.224964
0.885047 0.233211
0.968948 0.223399
0.0474585 0.242762
0.0778041 0.243152
0.121437 0.236011
0.194539 0.243365
0.230108 0.245053
0.258149 0.245591
0.28913 0.234624
0.361276 0.2458
0.416816 0.243001
0.482451 0.237907
0.507587 0.245206
0.531723 0.234415
0.555814 0.24688
0.582627 0.242123
0.611084 0.252222
0.732885 0.24221
0.826002 0.247239
0.865374 0.249952
0.923712 0.244413
0.951615 0.242916
0.0325235 0.266126
0.104081 0.256128
0.141145 0.253032
0.16796 0.25934
0.266936 0.269975
0.29338 0.268954
0.315118 0.2552
0.380321 0.265259
0.432419 0.267937
0.456415 0.256449
0.651484 0.255953
0.678107 0.254998
0.704046 0.260965
0.757621 0.261839
0.7901 0.258149
0.840832 0.268009
0.896911 0.255838
0.967861 0.267868
0.991373 0.253728
0.0741577 0.27271
0.105583 0.284608
0.13305 0.280277
0.16684 0.285245
0.189488 0.273384
0.213805 0.281453
0.242694 0.284425
0.354623 0.272795
0.399137 0.287306
0.477898 0.274986
0.504809 0.278103
0.538867 0.272948
0.566749 0.274393
0.616941 0.279363
0.672861 0.282259
0.698307 0.286054
0.723243 0.280276
0.814508 0.285138
0.879915 0.280452
0.912785 0.281555
0.938365 0.279162
0.990254 0.281279
0.0159092 0.294223
0.0414691 0.293375
0.0664976 0.306225
0.121995 0.304656
0.151664 0.306263
0.19748 0.302975
0.280278 0.295843
0.310287 0.292084
0.372876 0.294754
0.459832 0.297294
0.521036 0.297798
0.546853 0.30276
0.592079 0.288918
0.644226 0.291217
0.741543 0.301407
0.782337 0.290895
0.850143 0.294015
0.927879 0.304959
0.958096 0.297318
0.0159793 0.323833
0.0954672 0.312343
0.173457 0.320492
0.227071 0.322745
0.255854 0.310055
0.319246 0.322918
0.348752 0.312786
0.405521 0.312748
0.437053 0.309156
0.480074 0.31385
0.507887 0.321545
0.621958 0.309668
0.68178 0.310159
0.713598 0.30658
0.766406 0.312417
0.797914 0.314695
0.825544 0.309817
0.863959 0.315917
0.897144 0.318164
0.959824 0.323505
0.98611 0.317361
0.0479072 0.326289
0.0781077 0.340493
0.12852 0.331769
0.197709 0.331979
0.249287 0.335876
0.275691 0.326728
0.357339 0.338489
0.383916 0.340128
0.411128 0.340785
0.468102 0.336823
0.5526 0.33329
0.582888 0.325706
0.6426 0.327656
0.668698 0.332346
0.69562 0.334937
0.72554 0.330447
0.757311 0.340016
0.806165 0.341259
0.831735 0.33845
0.93573 0.333703
0.0248535 0.357651
0.0531238 0.351362
0.102418 0.349191
0.128039 0.358542
0.154188 0.3515
0.179852 0.351221
0.226406 0.348665
0.26879 0.352557
0.302014 0.349274
0.330778 0.353069
0.4381 0.346124
0.493189 0.342997
0.531369 0.353271
0.595407 0.350005
0.621228 0.343915
0.737228 0.358098
0.781521 0.34905
0.86456 0.346525
0.899502 0.345014
0.956494 0.348956
0.981511 0.360248
0.110374 0.377196
0.146976 0.377123
0.204479 0.364312
0.246 0.36693
0.315364 0.378104
0.350273 0.376382
0.379673 0.374281
0.42695 0.374566
0.472458 0.370176
0.504855 0.373731
0.556791 0.365463
0.612427 0.36946
0.639711 0.375225
0.663637 0.361901
0.710951 0.364121
0.790059 0.375183
0.821212 0.37123
0.870814 0.371377
0.929987 0.366446
0.0022121 0.383689
0.0535211 0.38678
0.078977 0.388305
0.173377 0.384004
0.199643 0.395257
0.226237 0.387017
0.28763 0.383243
0.458577 0.392442
0.527249 0.387862
0.581198 0.381917
0.676683 0.388073
0.703673 0.394731
0.753995 0.380456
0.84576 0.379973
0.890631 0.388239
0.924302 0.394237
0.95256 0.379244
0.991694 0.385845
0.028592 0.399109
0.0612727 0.411289
0.127231 0.399174
0.171366 0.409922
0.256433 0.397741
0.317572 0.409609
0.355037 0.411449
0.397846 0.405956
0.433215 0.403117
0.475251 0.413811
0.505472 0.402712
0.539667 0.41405
0.567172 0.410496
0.602629 0.4038
0.628088 0.406952
0.728724 0.40327
0.798327 0.399579
0.823826 0.405855
0.862144 0.412569
0.945323 0.411015
0.970081 0.400111
0.991334 0.414205
0.00525924 0.416863
0.037148 0.425199
0.0931945 0.41937
0.207011 0.427294
0.236456 0.425619
0.277274 0.414786
0.335007 0.428473
0.374873 0.428122
0.445283 0.431221
0.518234 0.428841
0.654605 0.418104
0.679422 0.425177
0.714796 0.424673
0.750767 0.419335
0.780765 0.418467
0.839287 0.427403
0.908991 0.424981
0.969042 0.428073
0.00190067 0.443054
0.0319589 0.450575
0.0751506 0.438909
0.137981 0.438465
0.165396 0.438077
0.196483 0.450761
0.262717 0.450112
0.308419 0.448692
0.349534 0.449644
0.420981 0.441408
0.489251 0.44203
0.544989 0.439453
0.57634 0.440835
0.605386 0.448343
0.628844 0.433819
0.739816 0.443032
0.771028 0.445252
0.813739 0.444296
0.882777 0.440925
0.934849 0.438394
0.991694 0.439939
0.0119544 0.466775
0.051286 0.467406
0.103015 0.456804
0.17576 0.465978
0.235991 0.45308
0.387127 0.466644
0.455291 0.467996
0.524777 0.458386
0.555612 0.46311
0.645971 0.458192
0.674441 0.463448
0.704631 0.453804
0.854332 0.452792
0.910106 0.454527
0.977862 0.462375
0.0802557 0.473524
0.135021 0.469804
0.205161 0.476182
0.270357 0.477104
0.303999 0.481738
0.345972 0.47813
0.416351 0.47814
0.502292 0.474114
0.584708 0.474622
0.619652 0.471015
0.719244 0.481706
0.747831 0.474836
0.781084 0.469575
0.834107 0.468837
0.859589 0.478828
0.890925 0.479206
0.917675 0.478898
0.942424 0.471011
0.00863836 0.492457
0.0684956 0.496897
0.122403 0.494722
0.150441 0.49109
0.218761 0.50092
0.242678 0.489569
0.284597 0.498521
0.324211 0.49908
0.372401 0.491278
0.41082 0.503234
0.436889 0.493438
0.474172 0.493221
0.530893 0.497225
0.563316 0.490681
0.619852 0.496868
0.6663 0.489991
0.691735 0.495981
0.774409 0.503282
0.803141 0.49309
0.954789 0.498841
0.981149 0.495733
0.00656091 0.51965
0.0355673 0.505315
0.0860231 0.517017
0.189005 0.507762
0.260782 0.508781
0.297269 0.522245
0.349726 0.505426
0.38666 0.518342
0.430164 0.522663
0.456024 0.511485
0.503441 0.505289
0.595356 0.513484
0.64382 0.512324
0.71861 0.507559
0.749364 0.511296
0.832217 0.510474
0.860601 0.509229
0.908295 0.506451
0.934805 0.517013
0.0250761 0.537306
0.0542447 0.528427
0.108445 0.540567
0.133415 0.525354
0.170698 0.530615
0.208785 0.534251
0.237075 0.532669
0.268785 0.535883
0.32745 0.52531
0.360474 0.539628
0.406158 0.536466
0.475861 0.528158
0.50577 0.537781
0.539205 0.524033
0.570267 0.538391
0.661678 0.536616
0.697258 0.524427
0.731622 0.538841
0.804736 0.532342
0.844471 0.53986
0.89232 0.526653
0.956729 0.534417
0.984145 0.533408
0.00442949 0.552722
0.0592001 0.558469
0.0854239 0.554828
0.158225 0.553568
0.18749 0.551178
0.297034 0.557355
0.449698 0.544661
0.474115 0.555173
0.534409 0.549856
0.597383 0.554369
0.634226 0.543666
0.685205 0.550724
0.775102 0.541201
0.87657 0.546793
0.902035 0.556687
0.925721 0.544611
0.979033 0.558798
0.0279256 0.56532
0.106884 0.574953
0.134654 0.567305
0.205636 0.571497
0.242146 0.562607
0.268677 0.572052
0.326725 0.56615
0.377535 0.570121
0.405069 0.576161
0.426025 0.561154
0.490559 0.57538
0.558394 0.563523
0.62893 0.572624
0.671974 0.572538
0.715358 0.56039
0.748285 0.559343
0.78154 0.570712
0.815186 0.564256
0.841021 0.56531
0.949862 0.561334
0.00740442 0.587156
0.0577981 0.587198
0.0854259 0.590433
0.140095 0.594256
0.173023 0.581113
0.229632 0.588094
0.35236 0.585235
0.463953 0.582507
0.511246 0.590437
0.535371 0.578176
0.578064 0.58179
0.604295 0.580604
0.708368 0.585316
0.861319 0.580801
0.887012 0.58108
0.922838 0.585939
0.978327 0.587316
0.0280257 0.610381
0.113867 0.60659
0.193635 0.607602
0.254184 0.596762
0.308561 0.598845
0.369382 0.604775
0.396961 0.604208
0.43717 0.600594
0.484563 0.603494
0.557498 0.598887
0.604303 0.607203
0.661496 0.603255
0.686971 0.599965
0.750759 0.598487
0.786585 0.599765
0.811773 0.608754
0.842415 0.604286
0.915957 0.61219
0.956747 0.602142
0.00660132 0.625165
0.0700558 0.615336
0.0932179 0.627918
0.168802 0.616047
0.238663 0.626856
0.279207 0.616489
0.303543 0.624472
0.336257 0.616032
0.384417 0.629929
0.415246 0.623054
0.459688 0.619351
0.511711 0.617896
0.575043 0.629552
0.630841 0.615769
0.709067 0.613918
0.748913 0.630114
0.776727 0.625862
0.889995 0.616136
0.980459 0.617244
0.0306531 0.635862
0.140219 0.634036
0.185047 0.644688
0.210049 0.638263
0.27665 0.647261
0.444036 0.643448
0.544224 0.634627
0.59488 0.646225
0.639915 0.641797
0.664572 0.634338
0.689405 0.647668
0.81993 0.635837
0.849125 0.64524
0.875517 0.640741
0.907074 0.638782
0.933481 0.631247
0.960264 0.641427
0.0624372 0.655692
0.112895 0.65051
0.202645 0.666243
0.234355 0.654342
0.313294 0.649369
0.359548 0.650521
0.405671 0.649317
0.484422 0.651434
0.520383 0.656621
0.619163 0.656734
0.718022 0.651682
0.78402 0.650776
0.819823 0.663884
0.921257 0.660846
0.9887 0.652272
0.0247135 0.672791
0.0824204 0.67377
0.111999 0.678957
0.142876 0.66963
0.173489 0.684752
0.261546 0.668767
0.286892 0.673601
0.313244 0.67737
0.343444 0.675196
0.379698 0.672413
0.410922 0.679849
0.446695 0.681634
0.501082 0.673586
0.56363 0.670198
0.599656 0.678566
0.650479 0.674215
0.683998 0.676495
0.736206 0.669937
0.762325 0.674376
0.795638 0.673485
0.836649 0.683581
0.864857 0.674757
0.898701 0.676709
0.98522 0.678099
0.0104507 0.697143
0.0405388 0.69638
0.0700355 0.700367
0.21941 0.68601
0.245159 0.688452
0.363762 0.697345
0.475601 0.692338
0.511649 0.696931
0.54096 0.694642
0.566144 0.699312
0.659833 0.702206
0.716798 0.686635
0.75347 0.69999
0.779013 0.695078
0.934688 0.700156
0.95761 0.686677
0.97786 0.703035
0.0911346 0.71642
0.137231 0.70869
0.186347 0.708911
0.211886 0.711843
0.26456 0.713307
0.309272 0.709327
0.336265 0.717771
0.390497 0.706484
0.415127 0.717515
0.442378 0.719313
0.615658 0.703229
0.698952 0.705162
0.728944 0.717164
0.800296 0.709461
0.833876 0.710005
0.861517 0.704097
0.886309 0.718003
0.908362 0.704846
0.957322 0.719385
0.00123293 0.72918
0.0335344 0.734203
0.0598284 0.733368
0.116965 0.724636
0.171802 0.731105
0.240076 0.726619
0.263807 0.739231
0.29698 0.735336
0.367881 0.722925
0.471744 0.723122
0.511921 0.728188
0.539584 0.732273
0.568142 0.726031
0.60624 0.727132
0.643162 0.738174
0.676031 0.729588
0.749931 0.73918
0.768662 0.721851
0.812773 0.734421
0.862551 0.734264
0.987324 0.72908
0.0933986 0.754842
0.125555 0.748888
0.151323 0.749477
0.213161 0.75247
0.240445 0.7564
0.338483 0.750064
0.386674 0.748342
0.426904 0.742966
0.456677 0.748156
0.551105 0.756205
0.597357 0.752279
0.715219 0.743298
0.839343 0.755247
0.892761 0.744107
0.920657 0.739966
0.0106391 0.760526
0.0475572 0.760105
0.171555 0.765803
0.283708 0.758472
0.310237 0.759867
0.358067 0.774646
0.395773 0.774944
0.437918 0.766203
0.462658 0.774961
0.496269 0.764482
0.530763 0.772879
0.632274 0.762498
0.663719 0.773359
0.691807 0.759702
0.717595 0.769694
0.743041 0.764871
0.787202 0.75735
0.816861 0.770789
0.883733 0.769234
0.910641 0.771349
0.95449 0.758422
0.982038 0.760714
0.0191821 0.793139
0.0876232 0.780488
0.115988 0.779143
0.141203 0.783702
0.192212 0.79058
0.222584 0.78882
0.261174 0.776387
0.289134 0.784284
0.320363 0.783757
0.421027 0.785413
0.551538 0.792226
0.583771 0.778745
0.628959 0.78842
0.843841 0.791011
0.956296 0.793126
0.990603 0.787453
0.0470384 0.796849
0.0723776 0.801652
0.116593 0.804637
0.16395 0.79611
0.246519 0.798173
0.355496 0.805364
0.399696 0.804369
0.468683 0.804506
0.502299 0.793708
0.60618 0.800331
0.662952 0.800461
0.689882 0.803337
0.719727 0.799622
0.755377 0.796278
0.785152 0.794888
0.807622 0.807654
0.873391 0.803508
0.89809 0.796499
0.924485 0.800375
0.976132 0.809798
0.00260191 0.816163
0.0294671 0.816587
0.0925649 0.819113
0.139309 0.820994
0.168298 0.826682
0.194586 0.819799
0.229152 0.818697
0.261931 0.822669
0.299528 0.813723
0.327489 0.81258
0.378125 0.819096
0.426226 0.811855
0.490979 0.818877
0.519951 0.823522
0.5698 0.822626
0.638976 0.812878
0.669843 0.825241
0.737724 0.823892
0.772174 0.817699
0.832073 0.823504
0.892706 0.825819
0.938002 0.825741
0.0200775 0.840646
0.0495437 0.832944
0.115134 0.831178
0.248114 0.845503
0.357774 0.842592
0.402475 0.830643
0.433978 0.836363
0.461317 0.830811
0.503377 0.844096
0.547725 0.838228
0.596203 0.8315
0.647379 0.839467
0.710262 0.830724
0.794228 0.842424
0.872041 0.843012
0.963351 0.83231
0.988235 0.843657
0.0429899 0.860324
0.0848342 0.85061
0.118283 0.859483
0.146846 0.848658
0.177253 0.853677
0.218192 0.847543
0.281651 0.851572
0.311135 0.848643
0.383092 0.857168
0.473887 0.85544
0.576625 0.853753
0.616422 0.847671
0.689318 0.85562
0.716827 0.860459
0.741048 0.850842
0.766345 0.860684
0.834284 0.863739
0.91072 0.849274
0.966728 0.859775
0.000523604 0.870908
0.0687558 0.883012
0.13812 0.876155
0.27899 0.877713
0.308181 0.875695
0.341101 0.875935
0.408184 0.877383
0.438584 0.871413
0.463682 0.880705
0.494955 0.87729
0.525928 0.870637
0.557407 0.879694
0.584811 0.883401
0.635981 0.871577
0.66767 0.875025
0.693044 0.882115
0.747815 0.881517
0.7997 0.867918
0.885446 0.87028
0.933012 0.875467
0.0246148 0.886584
0.048182 0.898464
0.0968606 0.888702
0.168833 0.888836
0.194844 0.887567
0.233682 0.884087
0.319612 0.901059
0.363062 0.897263
0.535892 0.895071
0.614533 0.887966
0.660657 0.90107
0.717947 0.889149
0.773255 0.889448
0.816347 0.89213
0.858848 0.889616
0.907175 0.883723
0.953612 0.900322
0.977187 0.88977
0.0842365 0.915784
0.124541 0.903858
0.150626 0.914945
0.199589 0.912751
0.241475 0.90911
0.265792 0.91797
0.288667 0.906144
0.343464 0.915861
0.385329 0.91485
0.410063 0.903381
0.440953 0.91181
0.480438 0.902309
0.510787 0.905291
0.561396 0.918938
0.588639 0.909013
0.636261 0.910529
0.685373 0.908469
0.732169 0.912514
0.839515 0.916497
0.875901 0.912505
0.913 0.915117
0.99113 0.914889
0.0130159 0.930108
0.0477414 0.925931
0.132172 0.933047
0.177874 0.92652
0.313478 0.936933
0.413138 0.936494
0.464416 0.922184
0.501429 0.930154
0.611661 0.923325
0.650563 0.935742
0.677884 0.935449
0.708002 0.922202
0.751735 0.929549
0.782695 0.922524
0.939686 0.923126
0.96449 0.931421
0.0295707 0.951785
0.0707995 0.946797
0.103774 0.947084
0.171951 0.954392
0.199435 0.942846
0.23227 0.943054
0.271816 0.943729
0.345039 0.944624
0.382337 0.944376
0.448292 0.943095
0.479981 0.946543
0.518812 0.955651
0.538462 0.939163
0.584938 0.939656
0.698752 0.95502
0.726881 0.939816
0.77288 0.94987
0.8139 0.940319
0.847284 0.941216
0.871171 0.952011
0.904395 0.948233
0.932434 0.947632
0.980635 0.952002
0.00484386 0.960319
0.0498303 0.969652
0.143777 0.961178
0.217947 0.971932
0.259532 0.969783
0.308659 0.966919
0.359444 0.967847
0.426844 0.959484
0.485015 0.97232
0.559169 0.970997
0.586548 0.968998
0.627322 0.960816
0.677088 0.968874
0.733667 0.965755
0.796144 0.961178
0.831258 0.962153
0.0216891 0.983236
0.0687588 0.989343
0.103528 0.978046
0.12546 0.991638
0.153449 0.986886
0.180238 0.980481
0.238703 0.991607
0.278214 0.990913
0.336448 0.989862
0.373707 0.990455
0.40853 0.978537
0.440964 0.982
0.467268 0.991392
0.508475 0.989021
0.535166 0.987722
0.615161 0.986308
0.65287 0.984903
0.712356 0.985326
0.742256 0.991608
0.77186 0.977512
0.797702 0.986869
0.833844 0.991544
0.865921 0.991134
0.892036 0.984017
0.929324 0.988488
0.958384 0.978528
0.991195 0.984549
