0.0425648 0.0149338
0.0977981 4.60792e-05
0.12023 0.0157719
0.176087 0.0128712
0.200469 0.00512201
0.278533 0.00707665
0.308666 0.00328949
0.338192 0.0100225
0.364041 0.00178518
0.392987 0.0144628
0.416176 0.00194075
0.442226 0.00657494
0.497267 0.00320926
0.524234 0.0163628
0.548518 0.00124843
0.57537 0.00905499
0.641937 0.00228637
0.691828 0.0145635
0.721201 0.00516414
0.771569 0.00306637
0.835409 0.0174734
0.904333 0.0155046
0.928739 0.0060407
0.957313 0.00289227
0.0165935 0.0198676
0.0718456 0.0235665
0.0972156 0.02785
0.149199 0.0218899
0.195643 0.0313718
0.229334 0.0232696
0.257084 0.0220032
0.291585 0.0290175
0.326304 0.0346919
0.356421 0.0302388
0.423182 0.027477
0.471844 0.0195159
0.618882 0.0188292
0.667416 0.0281371
0.73674 0.0268802
0.796207 0.0215635
0.862375 0.0220619
0.97524 0.0230717
0.00195561 0.0515812
0.0392366 0.0409526
0.0883936 0.0520949
0.136989 0.044928
0.166791 0.0411668
0.232207 0.0517027
0.370834 0.0535048
0.438849 0.0476742
0.49271 0.0372385
0.55512 0.0377755
0.581246 0.0411793
0.638227 0.0378521
0.679652 0.0527013
0.707668 0.0383203
0.73282 0.0540358
0.761225 0.0369329
0.82756 0.0484404
0.899558 0.0432269
0.924963 0.0367727
0.950937 0.0473284
0.986689 0.0477211
0.118503 0.0628774
0.146007 0.0704575
0.176686 0.0696584
0.208515 0.0612574
0.257949 0.0561284
0.284824 0.0617856
0.327486 0.0667149
0.396094 0.063584
0.463253 0.0554044
0.49087 0.0628444
0.516676 0.0600026
0.544952 0.063082
0.570431 0.0680302
0.616849 0.0590729
0.765071 0.0630103
0.789882 0.0568848
0.813969 0.0718205
0.853105 0.0547043
0.879199 0.0587139
0.0213002 0.0782544
0.0528429 0.0741123
0.0844164 0.0843875
0.30495 0.0802776
0.344166 0.0860915
0.377905 0.082696
0.434712 0.076537
0.475555 0.0850553
0.636685 0.0757455
0.66635 0.0761234
0.702802 0.0769039
0.733375 0.0890942
0.850148 0.0855341
0.900624 0.0797472
0.92705 0.0739764
0.975278 0.0725612
0.0610304 0.10169
0.106647 0.09867
0.138544 0.0954217
0.164758 0.0932314
0.191254 0.0920801
0.219168 0.104197
0.241745 0.0905322
0.268837 0.0914356
0.293623 0.105941
0.417736 0.0969293
0.506687 0.0907426
0.533023 0.0956389
0.588086 0.0934675
0.625562 0.102794
0.690691 0.105824
0.773892 0.0971818
0.81651 0.103026
0.875608 0.0989644
0.92077 0.100463
0.956252 0.105882
0.981298 0.100662
0.019623 0.111704
0.0871011 0.116371
0.124278 0.121331
0.185402 0.121215
0.249439 0.123488
0.337295 0.111384
0.366972 0.108204
0.393026 0.108469
0.439526 0.113324
0.466776 0.118219
0.495484 0.118405
0.528283 0.121922
0.569759 0.111729
0.60114 0.115806
0.665249 0.108887
0.715942 0.109699
0.747943 0.111516
0.773672 0.123234
0.838086 0.121946
0.0206329 0.138074
0.0483564 0.128127
0.153248 0.127449
0.212024 0.130301
0.275102 0.127483
0.303093 0.141283
0.331047 0.136748
0.356176 0.131998
0.40395 0.133415
0.442669 0.138665
0.553843 0.143588
0.583487 0.136354
0.652131 0.134468
0.696195 0.143795
0.721633 0.135106
0.750204 0.144148
0.794054 0.139436
0.864705 0.139256
0.894908 0.12981
0.922541 0.127997
0.950341 0.142574
0.981929 0.135276
0.000565275 0.154064
0.0824565 0.158047
0.10511 0.145838
0.136556 0.16097
0.180395 0.151148
0.207468 0.157494
0.233028 0.155569
0.287207 0.162118
0.369104 0.156163
0.399982 0.158636
0.470579 0.144465
0.505586 0.15806
0.531667 0.156459
0.610631 0.14672
0.645932 0.160254
0.673009 0.159756
0.716031 0.160467
0.82514 0.149079
0.887537 0.154395
0.92126 0.160386
0.0146507 0.177247
0.0452079 0.16566
0.0672236 0.180074
0.195562 0.180173
0.258287 0.163306
0.336072 0.175258
0.444623 0.167243
0.473415 0.178735
0.551419 0.172904
0.594115 0.169975
0.735868 0.17714
0.779886 0.163598
0.826892 0.17479
0.855597 0.167536
0.946005 0.16784
0.973455 0.173495
0.0934288 0.191619
0.119344 0.191926
0.15658 0.183661
0.221907 0.185601
0.282935 0.188199
0.30983 0.186843
0.357704 0.191522
0.385093 0.191657
0.415733 0.183089
0.510735 0.183331
0.581706 0.195908
0.611493 0.190469
0.638999 0.195669
0.678342 0.185273
0.708707 0.187033
0.760368 0.190898
0.791995 0.194017
0.876658 0.185205
0.925466 0.196168
0.952141 0.193291
0.0045668 0.213655
0.0292182 0.199668
0.0750952 0.211666
0.173253 0.208637
0.20016 0.213621
0.226046 0.211455
0.253296 0.200285
0.276468 0.213271
0.336255 0.205731
0.458048 0.205297
0.486209 0.200894
0.526821 0.205345
0.564654 0.215745
0.617889 0.216327
0.692947 0.211114
0.740072 0.21108
0.825144 0.209095
0.853888 0.201641
0.899681 0.199184
0.982627 0.199515
0.0497359 0.230888
0.0987738 0.222313
0.137842 0.217097
0.246388 0.229129
0.301449 0.219464
0.373221 0.232821
0.401647 0.218423
0.431854 0.218173
0.47778 0.225291
0.504443 0.23417
0.593157 0.223089
0.640841 0.230238
0.66408 0.219557
0.709471 0.231369
0.768878 0.216929
0.799351 0.222046
0.8785 0.229645
0.910878 0.231683
0.941518 0.223116
0.0246816 0.243634
0.0958519 0.247839
0.123523 0.245052
0.173829 0.241487
0.217649 0.238161
0.274954 0.238891
0.320084 0.245761
0.351773 0.249209
0.410929 0.242213
0.440046 0.246379
0.470704 0.249963
0.542976 0.247682
0.620681 0.247574
0.658411 0.250871
0.684278 0.238747
0.736139 0.23741
0.784452 0.243439
0.848669 0.241626
0.983969 0.23502
0.00211604 0.261497
0.0671035 0.259471
0.211017 0.2657
0.291595 0.263051
0.369034 0.269481
0.396113 0.265433
0.426662 0.26891
0.519002 0.257487
0.57508 0.256655
0.687316 0.264131
0.717436 0.263143
0.757976 0.257244
0.797887 0.26553
0.825078 0.258112
0.881476 0.255441
0.907648 0.264907
0.946569 0.252506
0.970612 0.266661
0.0277466 0.279602
0.100711 0.27933
0.126886 0.27721
0.158283 0.272331
0.184457 0.279557
0.235692 0.27347
0.264 0.273134
0.314534 0.284638
0.341609 0.284664
0.45184 0.2753
0.495374 0.272526
0.533759 0.279361
0.559233 0.277974
0.604129 0.280951
0.631452 0.287244
0.663736 0.278187
0.743536 0.279771
0.76858 0.28744
0.875146 0.284014
0.924496 0.28673
0.0030138 0.304276
0.0291339 0.305112
0.0687709 0.298933
0.119077 0.303775
0.167501 0.304338
0.207097 0.295016
0.242767 0.29944
0.286067 0.303688
0.384978 0.290914
0.416598 0.295566
0.463763 0.30191
0.504378 0.298412
0.529435 0.305144
0.578618 0.294753
0.601933 0.30638
0.711769 0.293461
0.821124 0.296198
0.847411 0.290432
0.959881 0.289808
0.990558 0.302068
0.0958964 0.320642
0.190606 0.315169
0.22195 0.322054
0.339068 0.320273
0.362888 0.308602
0.398427 0.321263
0.427383 0.324205
0.55464 0.31107
0.620971 0.323909
0.647223 0.310449
0.682281 0.307691
0.74139 0.307121
0.794452 0.309408
0.849911 0.31606
0.875796 0.310162
0.902828 0.319947
0.947175 0.313387
0.0563611 0.332578
0.115358 0.340162
0.156567 0.328854
0.199762 0.34038
0.248746 0.328332
0.280598 0.333971
0.307632 0.327
0.373922 0.331891
0.452735 0.331443
0.479424 0.339402
0.517595 0.329111
0.548967 0.337036
0.586059 0.326497
0.70954 0.329715
0.765084 0.325552
0.789344 0.337334
0.820204 0.325612
0.841941 0.34098
0.870134 0.340725
0.986506 0.327986
0.00808929 0.34316
0.0871958 0.346025
0.231241 0.351397
0.298773 0.352283
0.332639 0.349168
0.365715 0.356131
0.406902 0.346094
0.444979 0.359009
0.501552 0.353225
0.614194 0.352482
0.646065 0.343639
0.677415 0.348377
0.733276 0.343215
0.759037 0.352694
0.925451 0.346869
0.965058 0.344374
0.991352 0.35949
0.00577001 0.373263
0.0315288 0.367598
0.0578873 0.370727
0.11008 0.366131
0.150706 0.365561
0.182937 0.369578
0.209025 0.365969
0.255291 0.364321
0.324396 0.374418
0.402023 0.378401
0.478444 0.364914
0.533319 0.366766
0.583507 0.369795
0.658809 0.369465
0.697252 0.36505
0.78385 0.376162
0.820151 0.367688
0.855371 0.370174
0.884138 0.363692
0.910715 0.374839
0.942255 0.36661
0.968606 0.373029
0.0204849 0.394909
0.0864074 0.386112
0.132207 0.384209
0.160235 0.392565
0.231531 0.378775
0.259271 0.390398
0.297262 0.382391
0.3483 0.386659
0.377105 0.389702
0.431163 0.384041
0.458706 0.381157
0.502605 0.388404
0.547127 0.39209
0.573752 0.394969
0.609761 0.380176
0.637361 0.385853
0.679045 0.389319
0.712009 0.38802
0.738518 0.381103
0.831395 0.390636
0.950317 0.394954
0.990043 0.386985
0.047728 0.397607
0.128617 0.410201
0.188409 0.397923
0.220065 0.403811
0.315848 0.404428
0.341287 0.411391
0.401377 0.414533
0.446476 0.404881
0.477267 0.398966
0.510747 0.414385
0.599168 0.407286
0.624586 0.414007
0.704767 0.413842
0.805646 0.401227
0.858427 0.41165
0.886962 0.398389
0.91783 0.401184
0.0196117 0.421439
0.0682074 0.417055
0.105868 0.42193
0.15175 0.423155
0.179524 0.423664
0.263868 0.418813
0.298944 0.423743
0.370257 0.417509
0.424397 0.425729
0.486039 0.423531
0.559076 0.416482
0.672045 0.417139
0.735567 0.426789
0.759337 0.415892
0.825072 0.422071
0.88492 0.431489
0.910958 0.425897
0.941195 0.421323
0.971043 0.420139
0.0314892 0.448956
0.0808509 0.439828
0.128617 0.438825
0.213233 0.434878
0.243534 0.437733
0.341274 0.441856
0.375438 0.443186
0.44626 0.439259
0.473703 0.450377
0.510188 0.441309
0.539681 0.443869
0.578032 0.433741
0.609566 0.436817
0.638475 0.43679
0.672481 0.443107
0.699371 0.44514
0.755354 0.4444
0.783393 0.438192
0.809702 0.448613
0.854041 0.446221
0.95858 0.443556
0.99006 0.441529
0.00122006 0.464684
0.0574619 0.453657
0.106819 0.452305
0.134498 0.467783
0.156733 0.454124
0.186627 0.457477
0.218615 0.464497
0.255143 0.466505
0.279575 0.453829
0.313113 0.454966
0.363154 0.465632
0.398692 0.45531
0.653063 0.459805
0.71763 0.464091
0.916769 0.451934
0.0275495 0.474517
0.0659984 0.482375
0.0985337 0.480096
0.165595 0.478073
0.274405 0.484473
0.311726 0.480432
0.338698 0.474108
0.437685 0.469329
0.507976 0.475897
0.533251 0.472319
0.568236 0.469297
0.599925 0.472745
0.632528 0.476302
0.692662 0.471022
0.758952 0.479511
0.792859 0.469837
0.842293 0.469266
0.874337 0.469078
0.9038 0.485748
0.930012 0.476488
0.957597 0.473468
0.084315 0.503198
0.110145 0.504223
0.139504 0.494945
0.182028 0.500364
0.223961 0.492234
0.296397 0.502128
0.342478 0.499823
0.37829 0.490433
0.42268 0.492194
0.477117 0.49059
0.531307 0.501831
0.56311 0.499524
0.591874 0.504273
0.679198 0.498406
0.70469 0.495237
0.729961 0.489812
0.797456 0.501601
0.83524 0.495753
0.863345 0.50002
0.920815 0.504776
0.951551 0.500189
0.979209 0.489767
0.0105371 0.505104
0.0335739 0.517909
0.0582715 0.5095
0.248281 0.504985
0.272229 0.514224
0.447161 0.511685
0.493651 0.516658
0.54651 0.522762
0.616725 0.510135
0.644383 0.506754
0.70081 0.52265
0.751947 0.505372
0.890444 0.516319
0.000789279 0.528928
0.0503559 0.540196
0.0974142 0.527335
0.13989 0.524684
0.170533 0.534222
0.195461 0.52522
0.24169 0.533694
0.288123 0.538668
0.313752 0.523623
0.364085 0.526161
0.399932 0.523779
0.426365 0.52743
0.468285 0.526363
0.520724 0.52734
0.655217 0.530204
0.729284 0.524196
0.774297 0.53703
0.803734 0.526527
0.828656 0.532114
0.857749 0.533135
0.938699 0.524876
0.974723 0.527447
0.0126692 0.553064
0.0763247 0.550517
0.105238 0.554815
0.13103 0.554262
0.162831 0.558659
0.215675 0.543554
0.328803 0.546823
0.377834 0.550093
0.410501 0.547749
0.445082 0.549578
0.48715 0.547696
0.530779 0.55094
0.56872 0.542267
0.613978 0.542508
0.638799 0.554318
0.676233 0.545153
0.705013 0.549264
0.74787 0.54964
0.85288 0.558827
0.880294 0.547189
0.906823 0.545462
0.955326 0.544982
0.990213 0.547979
0.0507978 0.566271
0.19157 0.564647
0.259799 0.559356
0.296447 0.565196
0.334239 0.573511
0.394144 0.569727
0.41985 0.575502
0.462815 0.576423
0.512649 0.573019
0.566829 0.572042
0.596045 0.564537
0.665268 0.574825
0.690912 0.570969
0.731884 0.572449
0.787628 0.560452
0.828815 0.568446
0.906263 0.57157
0.947911 0.571202
0.974687 0.568389
0.0333085 0.586503
0.0737416 0.585373
0.0989076 0.580384
0.128453 0.581427
0.160891 0.585362
0.220655 0.578308
0.249412 0.583004
0.281102 0.586452
0.362303 0.585715
0.388283 0.594604
0.493458 0.593614
0.542055 0.579679
0.588745 0.591141
0.619224 0.578606
0.706574 0.591576
0.774643 0.584141
0.800859 0.58898
0.871083 0.578659
0.00170547 0.599492
0.111941 0.602464
0.150441 0.610954
0.176852 0.61199
0.203104 0.597668
0.235988 0.607713
0.315224 0.602878
0.34886 0.612199
0.468954 0.610813
0.525802 0.600061
0.563918 0.598096
0.641303 0.610034
0.6759 0.606678
0.739604 0.596847
0.777119 0.610665
0.840605 0.607432
0.875272 0.607584
0.898201 0.596184
0.924812 0.600397
0.96303 0.606196
0.990792 0.612737
0.0181118 0.62367
0.0651371 0.619533
0.107049 0.628919
0.269452 0.623754
0.381924 0.624334
0.405872 0.614378
0.431516 0.61453
0.499114 0.625173
0.530023 0.625385
0.585084 0.620016
0.615274 0.616766
0.693429 0.627347
0.71843 0.614374
0.756818 0.627762
0.820514 0.626544
0.857684 0.626891
0.901613 0.621884
0.00846816 0.647737
0.0456266 0.636082
0.085615 0.643325
0.128519 0.645029
0.155884 0.639621
0.18785 0.641353
0.229043 0.63351
0.252926 0.644321
0.294351 0.641931
0.329339 0.642416
0.356932 0.641049
0.41089 0.643479
0.45216 0.635771
0.555359 0.632503
0.646334 0.637361
0.671795 0.642999
0.72966 0.638705
0.793338 0.631478
0.915535 0.643453
0.939165 0.633029
0.0522239 0.661259
0.167124 0.665291
0.210145 0.654767
0.380693 0.651541
0.439736 0.666215
0.467213 0.659089
0.513448 0.65095
0.538787 0.658518
0.56571 0.656963
0.605817 0.66119
0.647719 0.66453
0.705591 0.651882
0.764627 0.652292
0.78698 0.665542
0.834517 0.649762
0.88672 0.65196
0.978573 0.649843
1.74693e-05 0.683767
0.0222441 0.67091
0.090921 0.671096
0.140293 0.673629
0.228158 0.682772
0.254653 0.670057
0.298795 0.677009
0.324338 0.674894
0.368838 0.674901
0.406597 0.670931
0.490692 0.676178
0.581425 0.677608
0.676689 0.670648
0.702202 0.684165
0.724483 0.669923
0.74992 0.67406
0.859001 0.677723
0.891432 0.679791
0.921734 0.669209
0.947523 0.668676
0.971362 0.681162
0.052803 0.690459
0.0872106 0.696666
0.119239 0.699796
0.149506 0.699475
0.175865 0.690677
0.202524 0.692567
0.245427 0.703208
0.273725 0.689453
0.311465 0.702166
0.339674 0.696375
0.3857 0.695883
0.418641 0.696636
0.459547 0.696926
0.505686 0.697359
0.530277 0.688191
0.556051 0.688153
0.606777 0.687734
0.634887 0.689553
0.667386 0.694515
0.753039 0.700193
0.786558 0.694924
0.812968 0.688408
0.919246 0.701372
0.0289824 0.712617
0.0663292 0.716747
0.194035 0.716917
0.219542 0.717449
0.287463 0.716602
0.359511 0.713047
0.393257 0.72048
0.490934 0.720775
0.524093 0.721154
0.582318 0.703388
0.619827 0.710155
0.665101 0.719925
0.725976 0.712487
0.80849 0.714447
0.841248 0.712588
0.88006 0.704756
0.947548 0.706687
0.989401 0.708218
0.0950156 0.723604
0.135416 0.721474
0.162538 0.722311
0.241927 0.731567
0.320305 0.726461
0.361941 0.739231
0.42909 0.724308
0.454175 0.734824
0.555531 0.728908
0.592479 0.731406
0.703949 0.727057
0.763645 0.724194
0.860814 0.729841
0.888238 0.731602
0.917108 0.735342
0.990327 0.734983
0.0332761 0.7466
0.0798889 0.746999
0.120505 0.743147
0.182731 0.745349
0.212779 0.746591
0.241012 0.757145
0.266886 0.747326
0.297818 0.740387
0.399152 0.75348
0.43086 0.75086
0.509558 0.747978
0.580651 0.756306
0.619939 0.741881
0.653881 0.75514
0.680108 0.744682
0.730046 0.740163
0.762774 0.7503
0.788518 0.740837
0.82863 0.749214
0.863954 0.756712
0.932495 0.755999
0.955809 0.743348
0.0189207 0.768477
0.100499 0.764122
0.140947 0.76397
0.195231 0.771997
0.286353 0.765361
0.320754 0.757852
0.348008 0.769209
0.375374 0.764087
0.469458 0.762542
0.549113 0.760252
0.607221 0.769456
0.715755 0.762546
0.808903 0.76969
0.893146 0.758832
0.968683 0.768004
0.062298 0.780039
0.0886046 0.790779
0.11866 0.782146
0.165732 0.782536
0.221265 0.776249
0.258701 0.775616
0.292144 0.792322
0.330256 0.789835
0.406305 0.778068
0.432138 0.781673
0.457639 0.786973
0.483561 0.785946
0.513613 0.776146
0.635528 0.784106
0.672962 0.782029
0.742218 0.780491
0.781919 0.775764
0.823827 0.792036
0.850072 0.781665
0.877313 0.781735
0.943435 0.783488
0.0106841 0.806198
0.0432242 0.810886
0.127844 0.80681
0.160349 0.810069
0.185452 0.802571
0.211393 0.799986
0.262635 0.80582
0.370775 0.806974
0.396785 0.803503
0.504235 0.801971
0.530131 0.797861
0.559615 0.80395
0.585169 0.7936
0.60813 0.810157
0.671964 0.808963
0.712393 0.798014
0.769193 0.801568
0.881336 0.80704
0.916013 0.797772
0.956493 0.805447
0.984344 0.805496
0.0701499 0.815853
0.104526 0.822537
0.140831 0.828803
0.23649 0.813741
0.285264 0.819553
0.314459 0.821522
0.35443 0.829118
0.428604 0.822955
0.460498 0.813083
0.504029 0.829018
0.542216 0.824582
0.647332 0.815862
0.699285 0.826603
0.740484 0.814766
0.809852 0.814301
0.836963 0.814493
0.858759 0.828919
0.923298 0.823742
0.0225177 0.838431
0.0550557 0.840608
0.17175 0.833611
0.198182 0.832921
0.223663 0.842231
0.335758 0.846514
0.395759 0.842429
0.476116 0.840959
0.588967 0.836561
0.625627 0.831465
0.719121 0.843276
0.763006 0.832215
0.787794 0.841992
0.834989 0.843074
0.960878 0.831685
0.985098 0.840527
0.0956079 0.850253
0.125713 0.861481
0.153238 0.852026
0.207741 0.864065
0.255909 0.848523
0.298809 0.857015
0.371194 0.855833
0.443435 0.848578
0.494287 0.859601
0.555649 0.849438
0.634747 0.863462
0.662993 0.853354
0.700063 0.865398
0.739647 0.86495
0.76433 0.858068
0.87238 0.863958
0.896769 0.851926
0.93673 0.848598
0.961026 0.858519
0.00104385 0.870461
0.027955 0.88147
0.0621907 0.871776
0.0918706 0.877267
0.14842 0.882439
0.172267 0.871722
0.25328 0.879552
0.348649 0.877419
0.378389 0.881958
0.404931 0.867772
0.449921 0.874642
0.475421 0.87928
0.520526 0.865794
0.572482 0.877268
0.609017 0.870776
0.781471 0.877887
0.824174 0.872909
0.913862 0.877486
0.939982 0.88339
0.990617 0.869326
0.123081 0.893382
0.206595 0.901482
0.226281 0.884946
0.288728 0.885944
0.320666 0.88623
0.401883 0.894311
0.430734 0.893888
0.509101 0.896797
0.55105 0.892325
0.661732 0.888294
0.705969 0.89293
0.734097 0.894216
0.760599 0.893294
0.867519 0.890095
0.892829 0.895518
0.966338 0.890777
0.991645 0.895022
0.0353164 0.906596
0.0821085 0.905469
0.110079 0.916486
0.141455 0.91247
0.169466 0.908117
0.238707 0.909029
0.279643 0.911066
0.306005 0.913939
0.333368 0.909761
0.362347 0.906247
0.413481 0.918709
0.458354 0.902514
0.595347 0.909358
0.638843 0.907022
0.783009 0.908141
0.810207 0.913191
0.837783 0.905755
0.940084 0.90893
0.978149 0.917341
0.0168056 0.927273
0.192106 0.925985
0.222638 0.930547
0.253919 0.933296
0.322798 0.93419
0.352025 0.936993
0.384976 0.91998
0.441705 0.927525
0.480965 0.928585
0.524391 0.920484
0.546452 0.935211
0.570526 0.920243
0.629974 0.931548
0.668167 0.923408
0.719751 0.924074
0.753793 0.920175
0.851311 0.931307
0.879516 0.920951
0.910145 0.922015
0.947709 0.934216
0.00661755 0.951552
0.0376511 0.946142
0.0663668 0.941755
0.108008 0.952402
0.133779 0.938218
0.164122 0.938358
0.231773 0.954547
0.27254 0.95225
0.300172 0.948226
0.411483 0.945324
0.500498 0.948503
0.604751 0.939643
0.655525 0.945831
0.698187 0.937765
0.735923 0.95282
0.761165 0.947387
0.786888 0.943575
0.820332 0.939011
0.871386 0.947757
0.90103 0.947234
0.926543 0.951275
0.981101 0.943079
0.0558521 0.968907
0.14488 0.964487
0.173687 0.965684
0.204396 0.961216
0.251131 0.971284
0.331515 0.958264
0.371481 0.957589
0.455064 0.958892
0.543801 0.963936
0.571497 0.963551
0.597969 0.966984
0.631423 0.96387
0.686081 0.970957
0.711169 0.960216
0.819474 0.96727
0.85509 0.973459
0.014012 0.978682
0.0381868 0.987889
0.0787478 0.98515
0.116308 0.98979
0.163179 0.989843
0.197212 0.987545
0.229241 0.991081
0.286018 0.982358
0.311046 0.976484
0.350243 0.978516
0.393815 0.987467
0.433033 0.981963
0.464157 0.982856
0.490873 0.990491
0.517977 0.980676
0.545294 0.99138
0.582535 0.988698
0.608763 0.991179
0.638228 0.990962
0.66433 0.988064
0.705365 0.99028
0.731246 0.977913
0.761704 0.977604
0.792335 0.979104
0.834458 0.990957
0.87526 0.989444
0.918985 0.97819
0.951437 0.976589
0.986843 0.979316
