0.00558031 0.0102269
0.0311378 0.00163255
0.0765104 0.00840815
0.100672 0.0172375
0.13258 0.0132205
0.156271 0.000505991
0.189325 0.000950667
0.223586 0.00846997
0.280286 0.0170065
0.318319 0.0124061
0.344789 0.00221895
0.382235 0.0130566
0.418924 0.0153217
0.449255 0.0154062
0.491491 0.00844113
0.527975 0.0143275
0.569413 4.73012e-05
0.595351 0.0168767
0.631487 0.0155751
0.694261 0.0152281
0.732104 0.00443348
0.758457 0.00525381
0.783555 0.0120644
0.835623 0.00751521
0.860344 0.016595
0.945958 0.000835569
0.969251 0.0139576
0.991568 0.00126417
0.0512154 0.0197292
0.172339 0.0240318
0.205624 0.0302757
0.246467 0.0264648
0.348945 0.0275873
0.502651 0.0336772
0.556959 0.023242
0.660237 0.0227254
0.723463 0.0347116
0.756029 0.0324176
0.809982 0.023852
0.839316 0.036003
0.890716 0.0191629
0.92504 0.0313096
0.0290856 0.0400519
0.0624535 0.0482442
0.0896799 0.0478771
0.150369 0.0413019
0.184659 0.0487816
0.266304 0.0431375
0.311497 0.0391286
0.370582 0.0416211
0.403159 0.0372606
0.430233 0.0518001
0.463464 0.040058
0.60657 0.0467436
0.640964 0.0435623
0.703959 0.0540355
0.815729 0.0493797
0.862922 0.0531131
0.901255 0.0460718
0.944876 0.0479822
0.989162 0.0428797
0.00323661 0.0596077
0.0415735 0.064811
0.11697 0.0593732
0.163795 0.0671701
0.201109 0.0687664
0.229589 0.0625924
0.28614 0.0598101
0.324312 0.0623675
0.355976 0.0669962
0.390336 0.0639459
0.455703 0.0645183
0.487757 0.0567487
0.514365 0.0582829
0.539817 0.0603823
0.572692 0.0612866
0.678024 0.0559361
0.725926 0.069166
0.748317 0.0567413
0.781483 0.0553554
0.964713 0.0646548
0.078579 0.0745951
0.101012 0.0879506
0.178422 0.0884242
0.240209 0.0862722
0.267012 0.0857714
0.34098 0.0880708
0.430989 0.0839858
0.478903 0.0823628
0.545687 0.0899874
0.590957 0.0858896
0.620969 0.0880462
0.647816 0.0833614
0.687383 0.0797958
0.749086 0.0822643
0.789067 0.0807142
0.817468 0.0871269
0.842475 0.0803436
0.901008 0.0731762
0.940053 0.0836107
0.984549 0.0813275
0.0109878 0.103182
0.0350157 0.090802
0.143169 0.0902253
0.206101 0.105273
0.30556 0.0928597
0.366135 0.0936524
0.397341 0.0911686
0.453707 0.0968752
0.513391 0.0913993
0.680052 0.104567
0.709565 0.0934506
0.765599 0.102511
0.875772 0.100302
0.960315 0.100275
0.0347355 0.117799
0.0626194 0.114548
0.127592 0.111205
0.179429 0.114229
0.242315 0.115612
0.281331 0.116011
0.327619 0.109828
0.355772 0.120228
0.385343 0.120415
0.41328 0.11814
0.447415 0.122306
0.473169 0.115556
0.535672 0.122892
0.561797 0.110092
0.599795 0.1118
0.623534 0.123742
0.64646 0.109576
0.735661 0.112175
0.798665 0.108647
0.851604 0.118889
0.899577 0.118109
0.927813 0.115499
0.0146444 0.133678
0.0510379 0.137558
0.0810429 0.132317
0.108669 0.131012
0.141099 0.134471
0.210416 0.137179
0.310183 0.135666
0.50238 0.132963
0.576015 0.132146
0.661294 0.131637
0.701007 0.131549
0.740259 0.143938
0.784687 0.137215
0.818314 0.127689
0.876978 0.137145
0.929478 0.141492
0.976781 0.126222
0.0969949 0.15507
0.147337 0.161361
0.174251 0.152661
0.250174 0.14799
0.288974 0.162052
0.327974 0.159496
0.352663 0.14839
0.386586 0.149211
0.412902 0.157118
0.443279 0.151247
0.469359 0.151526
0.517368 0.161093
0.544883 0.160218
0.61015 0.150439
0.634802 0.157763
0.66855 0.156289
0.762888 0.157671
0.816451 0.155577
0.84291 0.14789
0.902007 0.14709
0.958964 0.153255
0.987555 0.156797
0.0193338 0.1623
0.0544684 0.175103
0.119547 0.167727
0.205034 0.163318
0.235837 0.174993
0.263808 0.171716
0.3514 0.178021
0.387128 0.177877
0.460605 0.175944
0.485919 0.172062
0.570352 0.171926
0.596494 0.17459
0.697195 0.164048
0.721848 0.173016
0.785517 0.171404
0.854577 0.171866
0.927064 0.179959
0.0191163 0.192468
0.0697938 0.197171
0.0972137 0.180924
0.119493 0.19669
0.179148 0.183213
0.20756 0.189658
0.281513 0.192483
0.321223 0.191927
0.406965 0.19455
0.433399 0.187524
0.524787 0.194509
0.645239 0.181708
0.673729 0.186771
0.747828 0.181922
0.831512 0.183168
0.887583 0.181037
0.956033 0.186077
0.981771 0.185745
0.0413234 0.210286
0.0929145 0.215457
0.158165 0.199334
0.183983 0.208407
0.242078 0.200903
0.301141 0.213936
0.36439 0.20068
0.457189 0.205289
0.488768 0.199687
0.540572 0.215324
0.565618 0.205766
0.611029 0.204444
0.639326 0.209221
0.696753 0.205802
0.730394 0.202172
0.786641 0.199164
0.813691 0.202429
0.840007 0.209154
0.909321 0.199292
0.960222 0.215177
0.989483 0.210268
0.0076716 0.226517
0.0695958 0.230122
0.136176 0.221948
0.223677 0.220291
0.272605 0.217537
0.329375 0.218517
0.35287 0.231803
0.382989 0.219597
0.413819 0.222964
0.514898 0.218927
0.559924 0.232857
0.585743 0.223143
0.66913 0.229658
0.762585 0.226978
0.795161 0.232666
0.82186 0.228301
0.865424 0.218142
0.891471 0.217518
0.933389 0.219111
0.0197207 0.252202
0.0501117 0.248425
0.150851 0.24406
0.178665 0.236132
0.258372 0.244173
0.287306 0.239298
0.31289 0.244577
0.398138 0.24953
0.433001 0.245551
0.464889 0.237622
0.49863 0.240654
0.535357 0.244728
0.610555 0.250597
0.637784 0.23834
0.722998 0.237031
0.775401 0.250989
0.852671 0.245873
0.897833 0.244382
0.948567 0.242553
0.977965 0.237181
0.0816517 0.268762
0.103015 0.254139
0.128306 0.262808
0.17966 0.265181
0.216231 0.256399
0.289105 0.266763
0.352634 0.257336
0.456996 0.26978
0.520078 0.266068
0.563002 0.258757
0.638852 0.264917
0.689825 0.253536
0.736749 0.268023
0.828103 0.260817
0.873747 0.263481
0.926805 0.26084
0.989932 0.26171
0.0505883 0.27486
0.120035 0.287876
0.152537 0.275588
0.202308 0.27867
0.227705 0.282393
0.259071 0.28696
0.332858 0.285829
0.372354 0.281608
0.403893 0.275648
0.429218 0.271171
0.488116 0.277913
0.541899 0.283174
0.585631 0.272489
0.608699 0.28617
0.664542 0.273651
0.710801 0.274256
0.777701 0.278172
0.805354 0.273651
0.842292 0.286465
0.897646 0.279666
0.950911 0.273022
0.976152 0.283968
0.00225839 0.294072
0.0347652 0.294887
0.0707531 0.301768
0.139872 0.304549
0.171336 0.302197
0.219057 0.306446
0.30904 0.297466
0.432721 0.305003
0.458187 0.29532
0.507952 0.294585
0.570428 0.301685
0.6393 0.295574
0.677965 0.2974
0.729605 0.292636
0.761464 0.297947
0.794688 0.29829
0.907859 0.303595
0.936407 0.305882
0.0136622 0.319303
0.107362 0.311814
0.194309 0.322128
0.244764 0.315604
0.280054 0.308492
0.319669 0.323723
0.368383 0.312511
0.409044 0.315884
0.477512 0.316617
0.527789 0.311258
0.602674 0.311249
0.701953 0.307787
0.727267 0.318235
0.784858 0.322792
0.818525 0.308382
0.871791 0.313196
0.967373 0.30941
0.0379511 0.330281
0.077397 0.331347
0.103388 0.337956
0.128891 0.327579
0.157929 0.326392
0.247428 0.342374
0.344685 0.334805
0.431886 0.332189
0.511613 0.334061
0.547625 0.327931
0.585362 0.331331
0.625286 0.329869
0.655179 0.328964
0.690679 0.334442
0.766656 0.341798
0.807437 0.335659
0.836961 0.333488
0.891643 0.329494
0.916641 0.335618
0.954066 0.336052
0.980381 0.334467
0.00666331 0.356774
0.0425688 0.357161
0.124398 0.355496
0.154586 0.352946
0.18135 0.354567
0.212159 0.35375
0.283198 0.350327
0.317679 0.353027
0.375945 0.356288
0.403911 0.350702
0.454049 0.354772
0.485364 0.350632
0.561523 0.35275
0.629743 0.356259
0.658416 0.359706
0.713595 0.354969
0.740539 0.347515
0.794808 0.359396
0.862838 0.357896
0.890352 0.355298
0.0776671 0.372523
0.167366 0.376637
0.2592 0.365801
0.348512 0.365787
0.503944 0.368512
0.5401 0.367685
0.587298 0.361276
0.689326 0.371453
0.731684 0.373129
0.760001 0.367966
0.822753 0.366079
0.913821 0.377061
0.935611 0.362718
0.980344 0.376557
0.00583516 0.388813
0.0552305 0.391408
0.0984235 0.388965
0.141531 0.380651
0.211681 0.388055
0.240333 0.39113
0.265926 0.393706
0.290874 0.381263
0.316438 0.381041
0.345692 0.393932
0.370266 0.381911
0.402593 0.379019
0.429478 0.380922
0.477158 0.383592
0.534021 0.393648
0.560657 0.384138
0.607135 0.39598
0.637152 0.390326
0.666954 0.386561
0.71088 0.388299
0.751273 0.393233
0.802414 0.385995
0.846429 0.39283
0.871007 0.382222
0.95731 0.390127
0.0303814 0.402342
0.134478 0.413345
0.1817 0.398419
0.320968 0.406846
0.402772 0.40681
0.429027 0.408457
0.453363 0.398357
0.508849 0.400253
0.578304 0.406205
0.682201 0.408029
0.780797 0.403488
0.81913 0.414478
0.886694 0.402742
0.930751 0.403353
0.99071 0.406901
0.00518064 0.414762
0.0651739 0.421873
0.0914775 0.427319
0.162681 0.420931
0.202957 0.42042
0.236026 0.418574
0.265104 0.429959
0.293798 0.422991
0.344818 0.424863
0.379706 0.420341
0.415458 0.4319
0.489805 0.423567
0.516926 0.425103
0.542609 0.427348
0.640853 0.417797
0.724944 0.415768
0.758093 0.418026
0.79305 0.426969
0.85059 0.43021
0.91183 0.421034
0.957326 0.421137
0.0138619 0.443869
0.0430779 0.445105
0.0704114 0.44904
0.118396 0.440994
0.163067 0.448748
0.190709 0.449309
0.318776 0.432988
0.366921 0.442671
0.463525 0.442691
0.569586 0.449677
0.601101 0.438253
0.670415 0.443196
0.695085 0.435646
0.740951 0.437112
0.769493 0.44415
0.890016 0.434613
0.92705 0.445728
0.953858 0.449947
0.984722 0.434214
0.096002 0.465535
0.137673 0.465827
0.226475 0.452711
0.292888 0.451934
0.316788 0.462698
0.342846 0.453556
0.383963 0.462231
0.423746 0.463938
0.494001 0.4516
0.521654 0.45113
0.617421 0.466852
0.641638 0.452379
0.707451 0.468658
0.793502 0.452774
0.821872 0.454831
0.872412 0.458522
0.89815 0.466753
0.989412 0.46538
0.00971392 0.474498
0.0419089 0.47648
0.0722714 0.483545
0.118041 0.482179
0.165375 0.481057
0.190534 0.475367
0.252505 0.475665
0.467531 0.483854
0.506561 0.485648
0.547132 0.471602
0.592001 0.469664
0.654176 0.478145
0.681259 0.47788
0.740932 0.469489
0.812771 0.481605
0.850842 0.478981
0.875798 0.484919
0.937359 0.483651
0.963597 0.477884
0.00143692 0.500461
0.0959611 0.500983
0.141957 0.493191
0.21694 0.48776
0.243163 0.501019
0.269905 0.497094
0.295827 0.490392
0.329336 0.496769
0.365554 0.48774
0.390497 0.495607
0.419566 0.489748
0.527015 0.501968
0.553232 0.499784
0.592175 0.496421
0.623668 0.492882
0.676697 0.504772
0.701751 0.498272
0.743145 0.496682
0.772527 0.489065
0.914938 0.503278
0.979804 0.498776
0.0493869 0.507843
0.121092 0.509132
0.160422 0.511133
0.199109 0.51998
0.225174 0.519184
0.312417 0.518712
0.412155 0.518184
0.442359 0.5084
0.626833 0.521839
0.65076 0.50749
0.722883 0.512846
0.800573 0.515274
0.82557 0.505669
0.851418 0.512455
0.888953 0.515378
0.952435 0.51254
0.0199522 0.539998
0.0447267 0.533508
0.0692234 0.524516
0.0965208 0.532979
0.133502 0.537138
0.278525 0.525014
0.354426 0.527579
0.380773 0.530804
0.424837 0.5406
0.463136 0.52621
0.493896 0.525551
0.53968 0.524562
0.568893 0.537276
0.59414 0.524091
0.648286 0.535695
0.682779 0.529996
0.747796 0.529361
0.774614 0.526269
0.830108 0.53806
0.879959 0.54035
0.907187 0.534588
0.936082 0.533131
0.0837506 0.557872
0.167387 0.544511
0.206574 0.545496
0.2423 0.546276
0.29914 0.556514
0.324481 0.541929
0.402701 0.555533
0.495804 0.551123
0.528846 0.550545
0.600551 0.551833
0.705845 0.549622
0.733919 0.55732
0.786257 0.549976
0.855582 0.549371
0.954349 0.550935
0.986663 0.541869
0.0097733 0.565282
0.0478715 0.560221
0.1448 0.560187
0.190857 0.566274
0.220054 0.570476
0.278272 0.571386
0.32225 0.568063
0.358552 0.571145
0.431268 0.569734
0.46091 0.559662
0.552179 0.564065
0.632146 0.559857
0.663968 0.57616
0.689103 0.5697
0.761396 0.560571
0.828337 0.57102
0.898707 0.567882
0.924351 0.559035
0.976283 0.568104
0.0372209 0.589937
0.0666232 0.583826
0.0962015 0.581301
0.121418 0.57721
0.165785 0.580761
0.230552 0.594032
0.256202 0.585857
0.318271 0.594574
0.384709 0.578683
0.425097 0.594914
0.461799 0.58619
0.502561 0.579697
0.535955 0.586359
0.568519 0.58389
0.605992 0.578894
0.629353 0.593283
0.713866 0.580111
0.74306 0.583378
0.769363 0.590507
0.801451 0.578603
0.846206 0.594378
0.874161 0.585999
0.923903 0.585417
0.951264 0.586386
0.0115946 0.601638
0.0546162 0.608817
0.0808205 0.609097
0.130538 0.609238
0.167261 0.606577
0.202244 0.610526
0.250502 0.611474
0.283629 0.600459
0.349873 0.604484
0.397131 0.603658
0.448552 0.609377
0.484484 0.599147
0.512043 0.604279
0.588355 0.600562
0.666591 0.604005
0.694422 0.603132
0.752318 0.613056
0.802056 0.605254
0.896285 0.603224
0.95889 0.612792
0.985954 0.603416
0.292307 0.625572
0.373786 0.617314
0.40007 0.630895
0.427021 0.628813
0.490849 0.627696
0.562397 0.618542
0.590455 0.628045
0.625229 0.618907
0.7219 0.62026
0.778239 0.616106
0.827223 0.613071
0.873998 0.624966
0.925701 0.613877
0.0137747 0.633946
0.0519855 0.63434
0.100666 0.635938
0.146473 0.63309
0.170211 0.642583
0.204564 0.636038
0.237021 0.634365
0.263297 0.635382
0.315245 0.637821
0.358506 0.639022
0.45599 0.634931
0.520298 0.631641
0.555118 0.6454
0.615425 0.646769
0.640763 0.642681
0.686714 0.633784
0.740466 0.638765
0.775032 0.64182
0.807322 0.646101
0.848783 0.647428
0.917606 0.638357
0.947052 0.635893
0.97376 0.644646
0.0142558 0.664521
0.050435 0.664667
0.0820568 0.654539
0.123295 0.64967
0.15021 0.66398
0.190048 0.659256
0.222439 0.658661
0.285326 0.650164
0.336384 0.652218
0.394105 0.656281
0.4443 0.663752
0.497691 0.654106
0.703864 0.654761
0.738732 0.665226
0.874987 0.654169
0.0313426 0.684907
0.105095 0.669333
0.1291 0.678414
0.2067 0.684036
0.245161 0.670918
0.307421 0.678727
0.33455 0.68071
0.364919 0.671507
0.417653 0.667942
0.476433 0.672593
0.517916 0.669855
0.563916 0.670657
0.591421 0.670976
0.619037 0.682285
0.650727 0.667701
0.678051 0.680141
0.781853 0.67078
0.826411 0.673045
0.860566 0.680995
0.892272 0.677926
0.923272 0.669281
0.949646 0.670545
0.986776 0.66976
0.00757725 0.694818
0.0557117 0.69251
0.0930516 0.694876
0.150522 0.695167
0.183328 0.699617
0.227843 0.698886
0.284823 0.691042
0.355173 0.696223
0.382947 0.69051
0.41928 0.696747
0.468447 0.696933
0.495832 0.690175
0.521269 0.699737
0.557674 0.698698
0.59076 0.696949
0.724018 0.686502
0.760967 0.702898
0.801852 0.692355
0.835766 0.699794
0.906389 0.700175
0.960243 0.699081
0.987006 0.697226
0.0426404 0.719005
0.0696555 0.714379
0.12405 0.707869
0.255233 0.705047
0.31189 0.705018
0.332262 0.720582
0.398821 0.71879
0.649875 0.713239
0.681132 0.720471
0.709605 0.708748
0.860721 0.713203
0.888266 0.720542
0.928129 0.714118
0.976812 0.720945
0.00955534 0.723171
0.118474 0.732851
0.164727 0.734203
0.195781 0.722632
0.241172 0.727225
0.271256 0.732508
0.298454 0.726966
0.365268 0.726599
0.432837 0.721876
0.459811 0.722676
0.491315 0.724555
0.527584 0.725141
0.556421 0.727063
0.585885 0.722982
0.619015 0.728692
0.729234 0.726806
0.778835 0.727959
0.811596 0.723945
0.837725 0.732945
0.947966 0.730791
0.00798046 0.7512
0.050444 0.74713
0.0839737 0.739836
0.200379 0.754396
0.321805 0.752799
0.401486 0.744531
0.438177 0.755526
0.464556 0.754275
0.496452 0.749536
0.52888 0.756831
0.557101 0.754131
0.583007 0.748818
0.633461 0.75084
0.662664 0.750392
0.691996 0.745167
0.752917 0.74162
0.868474 0.744376
0.90863 0.75078
0.990244 0.750618
0.0793206 0.764959
0.109083 0.767811
0.135732 0.760626
0.240103 0.768195
0.277322 0.75905
0.358885 0.765597
0.38504 0.768467
0.413527 0.770558
0.59724 0.77043
0.713253 0.768912
0.748853 0.768647
0.796503 0.759464
0.845746 0.761517
0.881968 0.769102
0.941797 0.760501
0.967884 0.764483
0.0249167 0.777241
0.0559105 0.778911
0.0816049 0.792747
0.143177 0.788383
0.169555 0.778797
0.219 0.784476
0.301833 0.778987
0.331903 0.781408
0.468986 0.787227
0.53317 0.78284
0.560103 0.784181
0.635416 0.777682
0.660843 0.790079
0.683642 0.776413
0.769202 0.786453
0.818749 0.775429
0.894804 0.791971
0.921457 0.790718
0.949628 0.784834
0.985617 0.788548
0.00761922 0.796328
0.114706 0.796443
0.192136 0.796866
0.244225 0.803523
0.278765 0.794348
0.324806 0.808343
0.35411 0.796436
0.379472 0.799532
0.415875 0.801294
0.442755 0.795466
0.483175 0.809503
0.506944 0.794244
0.584908 0.809171
0.616742 0.797129
0.645755 0.81065
0.685502 0.811083
0.709476 0.802327
0.740751 0.804677
0.797614 0.795172
0.841761 0.804961
0.871218 0.802108
0.954965 0.810673
0.0526724 0.817406
0.100094 0.81756
0.163709 0.815456
0.225628 0.82532
0.266854 0.817256
0.292555 0.824603
0.350545 0.82734
0.397906 0.819612
0.429911 0.822784
0.457079 0.817848
0.546761 0.819352
0.765265 0.814917
0.819045 0.82601
0.898504 0.817256
0.924564 0.816893
0.980152 0.82245
0.0217658 0.82948
0.0728768 0.833337
0.140376 0.836236
0.1665 0.843624
0.197351 0.839985
0.377878 0.83608
0.412351 0.84458
0.446044 0.842945
0.477502 0.839538
0.519648 0.833667
0.544552 0.84561
0.574827 0.835836
0.604803 0.831505
0.629355 0.841078
0.661118 0.841137
0.71856 0.846935
0.741208 0.831028
0.789599 0.834467
0.855351 0.833812
0.891129 0.842959
0.935085 0.846363
0.960275 0.839775
0.00871827 0.851574
0.0388995 0.852235
0.102003 0.850456
0.151432 0.865197
0.249668 0.85324
0.275162 0.864805
0.310406 0.850198
0.351144 0.86496
0.390218 0.860686
0.502383 0.853842
0.526809 0.864918
0.57763 0.861222
0.6062 0.863254
0.692505 0.859507
0.75832 0.850746
0.7822 0.859781
0.81214 0.852364
0.838182 0.852671
0.866187 0.86115
0.980664 0.860085
0.0250187 0.87454
0.0501713 0.879397
0.0730451 0.865866
0.124063 0.876244
0.177346 0.866926
0.210001 0.869181
0.237964 0.876492
0.325589 0.873126
0.412003 0.874577
0.4415 0.870304
0.472426 0.867891
0.553473 0.869805
0.64035 0.867897
0.66656 0.872948
0.711349 0.882018
0.733081 0.86796
0.759528 0.876749
0.834221 0.878701
0.902611 0.876487
0.93084 0.88027
0.08218 0.891959
0.112117 0.899503
0.142402 0.897993
0.189215 0.895004
0.219064 0.895505
0.243995 0.901306
0.268284 0.893084
0.304381 0.892276
0.343086 0.893175
0.37466 0.885
0.39953 0.897791
0.42798 0.898619
0.468308 0.893372
0.498632 0.884509
0.527341 0.893225
0.565747 0.895393
0.591371 0.887554
0.619745 0.886065
0.687245 0.891452
0.796588 0.8899
0.87988 0.888044
0.962699 0.884655
0.990912 0.890405
0.00139672 0.912065
0.0482747 0.905798
0.282734 0.914463
0.37644 0.912707
0.447467 0.917291
0.51156 0.913539
0.545023 0.912652
0.598144 0.916731
0.641876 0.906046
0.667577 0.913394
0.734794 0.902053
0.778951 0.915232
0.805458 0.914311
0.850324 0.901661
0.88117 0.917215
0.938056 0.914959
0.96789 0.910752
0.0309087 0.928616
0.0608853 0.929196
0.0995458 0.924962
0.125241 0.935202
0.156556 0.921279
0.182723 0.920093
0.22115 0.930846
0.320143 0.92289
0.346876 0.920438
0.39517 0.930186
0.420581 0.924874
0.492663 0.934271
0.645659 0.932619
0.690206 0.927126
0.715933 0.92309
0.750472 0.927982
0.8305 0.921252
0.913745 0.922786
0.956455 0.935268
0.984718 0.934547
0.00774799 0.942136
0.15127 0.946255
0.196314 0.950122
0.261914 0.942705
0.291337 0.939876
0.323872 0.952051
0.361593 0.953694
0.426902 0.954199
0.463358 0.941895
0.535119 0.939587
0.57067 0.940161
0.613426 0.948604
0.676638 0.950597
0.730071 0.948569
0.775869 0.949686
0.810635 0.953181
0.840993 0.944636
0.867363 0.942486
0.893408 0.946916
0.930224 0.942928
0.00381959 0.970783
0.0316646 0.969744
0.0577266 0.959375
0.0878491 0.958921
0.129199 0.962545
0.224566 0.970418
0.250021 0.965386
0.27615 0.964755
0.399672 0.955975
0.492327 0.966044
0.517118 0.957746
0.549206 0.961043
0.574484 0.968363
0.651398 0.958011
0.703451 0.956162
0.791269 0.971655
0.841016 0.973082
0.886719 0.972598
0.914364 0.966635
0.949023 0.970077
0.98532 0.972546
0.0629855 0.985619
0.110692 0.985014
0.152692 0.97446
0.178286 0.977595
0.205028 0.987747
0.241067 0.991625
0.268527 0.991245
0.304149 0.987914
0.33388 0.977583
0.372751 0.985608
0.410796 0.988124
0.45981 0.983015
0.493299 0.991666
0.519568 0.984953
0.545761 0.986472
0.599962 0.974795
0.622951 0.990198
0.648507 0.983525
0.674823 0.976612
0.696006 0.991301
0.72114 0.976245
0.763353 0.978638
0.816748 0.988167
0.867228 0.990605
0.905187 0.991059
0.931297 0.989477
0.964829 0.991412
