0.00931214 0.00333909
0.0347652 0.00638701
0.0789261 0.00547413
0.105837 0.00926773
0.131579 0.00740535
0.185827 0.00183528
0.226922 0.0087181
0.262349 0.00456008
0.287998 0.00510874
0.317175 0.00861895
0.383157 0.0110578
0.409415 0.0125562
0.481165 0.0122719
0.51959 0.00657797
0.58048 0.0100523
0.657304 0.0001469
0.71934 0.00151201
0.744646 0.00682618
0.791378 0.0017343
0.849963 0.0173683
0.88517 0.0128628
0.92055 0.00720733
0.981521 0.017708
0.0157331 0.0340841
0.0452372 0.0309347
0.106197 0.0351928
0.171688 0.0257414
0.204467 0.0297126
0.248087 0.0265949
0.273823 0.0305637
0.33431 0.034053
0.363107 0.0272208
0.389569 0.0359529
0.44929 0.0221927
0.502598 0.0267362
0.547685 0.0259362
0.619335 0.0239298
0.645747 0.0283343
0.674347 0.0242577
0.714893 0.0293358
0.764357 0.0239846
0.792567 0.0290189
0.822208 0.0220593
0.908824 0.0317821
0.939909 0.0275503
0.0715951 0.0522175
0.132916 0.0444411
0.160986 0.0507898
0.22721 0.0438598
0.303082 0.0431349
0.415363 0.0376555
0.441249 0.046497
0.512927 0.0518907
0.553267 0.0509349
0.577529 0.0368453
0.6015 0.0458427
0.734089 0.0503826
0.812348 0.0466696
0.855746 0.0486604
0.931055 0.0531645
0.979145 0.0455279
0.0178651 0.0640123
0.107797 0.065375
0.142617 0.0708871
0.202494 0.0604036
0.250003 0.0694093
0.290196 0.0685206
0.35009 0.0579444
0.429242 0.0692981
0.470872 0.0550195
0.532131 0.0700033
0.578158 0.0652173
0.618885 0.0706596
0.649688 0.0572858
0.675468 0.0684845
0.699579 0.060104
0.76082 0.0567553
0.789336 0.0607574
0.890441 0.0541852
0.957132 0.0618245
0.0511141 0.0736189
0.17869 0.0837738
0.224717 0.0734346
0.328757 0.0776345
0.370832 0.0747471
0.397138 0.0748394
0.449079 0.0859708
0.490546 0.0824379
0.556774 0.0807057
0.6535 0.0851438
0.71614 0.0823104
0.75018 0.08284
0.78846 0.0868504
0.818488 0.0895109
0.844644 0.0835838
0.871439 0.0771596
0.910911 0.0733627
0.935348 0.087148
0.962454 0.0882954
0.989947 0.088391
0.0158087 0.0931027
0.0472918 0.0997572
0.0832439 0.0924462
0.106877 0.104084
0.150557 0.0970146
0.204912 0.0910407
0.265926 0.105206
0.294043 0.099338
0.344023 0.0986133
0.395349 0.103441
0.427087 0.100793
0.473787 0.103134
0.537224 0.0982434
0.591033 0.0904671
0.616298 0.0963314
0.68967 0.0981322
0.733903 0.104193
0.766267 0.106986
0.863435 0.108051
0.888057 0.0965054
0.0213126 0.120835
0.0697574 0.116047
0.196559 0.117442
0.232361 0.11085
0.282795 0.124816
0.332038 0.125878
0.368612 0.108529
0.508849 0.111753
0.566748 0.110812
0.591488 0.122457
0.617588 0.125403
0.641107 0.110505
0.711948 0.125434
0.791838 0.112549
0.819592 0.115148
0.899608 0.120345
0.925346 0.119278
0.971671 0.113358
0.00409791 0.1419
0.0431219 0.141926
0.0691429 0.142651
0.09387 0.130526
0.140962 0.126812
0.174551 0.130338
0.206053 0.143348
0.25045 0.13951
0.304366 0.142818
0.355507 0.13862
0.387215 0.142941
0.418321 0.143993
0.442905 0.133297
0.490557 0.135989
0.53142 0.136305
0.563109 0.139753
0.636288 0.143069
0.673455 0.130877
0.777428 0.136733
0.809251 0.143532
0.84203 0.129472
0.874809 0.133443
0.944702 0.136969
0.0944926 0.161303
0.116807 0.145986
0.175354 0.156632
0.277289 0.150398
0.336444 0.159275
0.467631 0.150669
0.512736 0.158696
0.670027 0.158127
0.706461 0.15551
0.74918 0.14815
0.843204 0.161102
0.870376 0.161566
0.906537 0.145515
0.953702 0.161359
0.974968 0.146659
0.0345719 0.174665
0.0724128 0.178009
0.119092 0.172193
0.146256 0.164564
0.193379 0.175357
0.217422 0.166197
0.245255 0.165144
0.267057 0.178627
0.295634 0.173034
0.38037 0.17974
0.404126 0.170128
0.444028 0.17452
0.545073 0.174254
0.576556 0.162403
0.603811 0.165029
0.635358 0.171166
0.689334 0.17746
0.7356 0.17017
0.764421 0.170374
0.814233 0.171697
0.893415 0.174122
0.920209 0.178245
0.977138 0.174325
0.00166919 0.185028
0.0922493 0.194682
0.14179 0.194257
0.167548 0.19198
0.23975 0.194406
0.330714 0.189772
0.493998 0.183764
0.522865 0.189504
0.584113 0.187554
0.614864 0.188022
0.661028 0.187486
0.713664 0.190909
0.788853 0.181495
0.835148 0.188552
0.867807 0.187373
0.948609 0.189611
0.0282601 0.200476
0.0542053 0.198387
0.117374 0.202506
0.194031 0.203538
0.221164 0.211874
0.263747 0.213549
0.316447 0.211302
0.360738 0.202566
0.404146 0.211963
0.438799 0.200136
0.470485 0.200019
0.50408 0.207744
0.555474 0.201498
0.604714 0.211418
0.693342 0.212521
0.743581 0.198776
0.763212 0.215232
0.788702 0.211935
0.852848 0.20873
0.88131 0.213926
0.920356 0.20816
0.983996 0.21069
0.00160252 0.22915
0.0602179 0.230606
0.0869829 0.225892
0.12705 0.226433
0.157434 0.223852
0.289591 0.216521
0.367766 0.234258
0.442914 0.231748
0.473958 0.228285
0.534237 0.21834
0.557061 0.231517
0.583361 0.22726
0.633683 0.217536
0.663849 0.216535
0.718597 0.216753
0.742512 0.231089
0.825717 0.216608
0.911103 0.232765
0.961879 0.226898
0.0259532 0.238446
0.0773133 0.249851
0.137136 0.252092
0.20244 0.235222
0.227548 0.244694
0.258648 0.241094
0.307253 0.235455
0.336592 0.24067
0.394776 0.237611
0.419807 0.249454
0.508362 0.245361
0.534011 0.245774
0.601017 0.248952
0.626516 0.243445
0.663433 0.243192
0.695985 0.240473
0.765142 0.244822
0.799262 0.236043
0.830331 0.249544
0.856965 0.235144
0.885846 0.239294
0.937234 0.238007
0.980757 0.247302
0.0588904 0.267648
0.102909 0.25778
0.171595 0.261372
0.200077 0.26527
0.243135 0.265729
0.29078 0.263141
0.317325 0.259088
0.453835 0.261298
0.492971 0.265856
0.522815 0.268736
0.553346 0.262763
0.579569 0.26534
0.711734 0.261683
0.742433 0.269805
0.862547 0.262439
0.909753 0.265688
0.954503 0.258932
0.0097733 0.276782
0.0351385 0.283863
0.0924106 0.281717
0.129233 0.277842
0.160685 0.286106
0.214137 0.287462
0.309385 0.283414
0.340711 0.273199
0.367398 0.275332
0.398861 0.274196
0.430932 0.276981
0.464468 0.285874
0.614387 0.281319
0.643307 0.278907
0.676965 0.274005
0.789434 0.275923
0.816567 0.271528
0.842793 0.287766
0.930973 0.284678
0.983636 0.275516
0.0657454 0.292327
0.139237 0.302495
0.196204 0.305732
0.241502 0.294684
0.272079 0.298114
0.414399 0.299482
0.504309 0.296991
0.553684 0.290805
0.590679 0.29294
0.664037 0.305431
0.712542 0.30417
0.763171 0.290902
0.86513 0.301639
0.894593 0.288941
0.955932 0.29475
0.99082 0.301772
0.0102831 0.323167
0.0353873 0.312947
0.0620762 0.319607
0.0966435 0.308114
0.164834 0.312528
0.222316 0.315899
0.257627 0.322634
0.298053 0.306894
0.323526 0.312684
0.358781 0.31349
0.38621 0.319822
0.443579 0.315022
0.476147 0.309571
0.5022 0.322519
0.540918 0.317422
0.569073 0.314979
0.613955 0.310372
0.743921 0.313579
0.791241 0.307358
0.825678 0.310671
0.910251 0.313865
0.0319904 0.34126
0.118429 0.324861
0.140464 0.337975
0.19039 0.330679
0.283111 0.329098
0.346119 0.335788
0.412062 0.338431
0.521201 0.339634
0.605101 0.335986
0.632524 0.328234
0.69617 0.328937
0.732648 0.336771
0.767957 0.325612
0.815953 0.335199
0.85909 0.330148
0.885243 0.325677
0.929514 0.332908
0.969375 0.325819
0.0879508 0.348331
0.115628 0.35322
0.166158 0.35
0.229477 0.347571
0.291359 0.353913
0.324707 0.349799
0.370432 0.353246
0.445849 0.347708
0.471778 0.358602
0.496077 0.347992
0.552118 0.357869
0.579749 0.350801
0.634749 0.353879
0.661791 0.349863
0.710564 0.354091
0.760885 0.356019
0.792509 0.346275
0.841452 0.349643
0.913929 0.359817
0.95855 0.351291
0.985003 0.35568
0.0143898 0.368305
0.058926 0.3616
0.0959872 0.376481
0.140287 0.36493
0.184213 0.371255
0.209862 0.367368
0.26876 0.368933
0.337397 0.372029
0.393485 0.36754
0.424924 0.365268
0.49166 0.377702
0.518326 0.37702
0.587885 0.377671
0.618929 0.374208
0.684504 0.367529
0.733777 0.371825
0.817099 0.361604
0.848905 0.374139
0.871726 0.362709
0.946982 0.376082
0.00222356 0.392979
0.0382242 0.392125
0.139313 0.392932
0.198867 0.396151
0.238832 0.391517
0.312416 0.385973
0.358005 0.387482
0.406245 0.392339
0.441457 0.393626
0.465027 0.383626
0.561315 0.391445
0.647659 0.391714
0.693647 0.396079
0.759949 0.388718
0.791424 0.387923
0.871723 0.390619
0.899971 0.389506
0.974395 0.381404
0.074658 0.397272
0.11999 0.41053
0.170736 0.401015
0.285832 0.397635
0.331535 0.404998
0.380687 0.409346
0.483936 0.4022
0.531287 0.40862
0.581911 0.410934
0.608701 0.400531
0.632302 0.412904
0.729365 0.40042
0.815186 0.400676
0.84686 0.400049
0.933745 0.405999
0.959986 0.403519
0.0206086 0.424806
0.0465209 0.417832
0.0933063 0.415937
0.152126 0.419939
0.188945 0.42201
0.215512 0.424983
0.246017 0.419008
0.27376 0.424396
0.324889 0.430363
0.359732 0.43226
0.414038 0.421641
0.462921 0.423395
0.493987 0.425723
0.558646 0.428246
0.609223 0.429108
0.668785 0.415406
0.695321 0.422387
0.765531 0.421598
0.792874 0.417264
0.826021 0.428686
0.857263 0.424808
0.884086 0.41665
0.908374 0.425966
0.986415 0.414748
0.0367383 0.444692
0.0669266 0.442662
0.122606 0.436337
0.232181 0.449518
0.298454 0.438467
0.386473 0.440608
0.417926 0.448835
0.438826 0.433303
0.518288 0.441141
0.591822 0.449683
0.625042 0.449686
0.655261 0.438255
0.719645 0.437469
0.7435 0.446875
0.799318 0.445056
0.926234 0.445732
0.957253 0.434469
0.991556 0.439727
0.00151568 0.455432
0.0957199 0.461951
0.122438 0.463838
0.147392 0.45677
0.186788 0.454901
0.260332 0.455189
0.290258 0.464154
0.319316 0.464295
0.351369 0.464324
0.459994 0.451783
0.489025 0.458883
0.557101 0.465631
0.650387 0.463482
0.697271 0.455957
0.763161 0.46632
0.826354 0.457203
0.85712 0.455623
0.888195 0.458183
0.971408 0.455858
0.0279842 0.48011
0.0554514 0.478153
0.0812955 0.483552
0.145146 0.4833
0.192936 0.480535
0.228853 0.477044
0.257091 0.486686
0.38289 0.474668
0.419043 0.475294
0.472445 0.479299
0.515033 0.476082
0.575716 0.483607
0.620852 0.475034
0.675372 0.474089
0.719758 0.469613
0.804414 0.481742
0.937813 0.470072
0.00103032 0.493126
0.113216 0.488921
0.172945 0.49654
0.211748 0.498102
0.284553 0.492497
0.335255 0.492868
0.369029 0.50224
0.445743 0.487303
0.513993 0.504044
0.539791 0.49082
0.597859 0.498204
0.62407 0.501664
0.649318 0.488963
0.692672 0.498844
0.724307 0.497698
0.749699 0.488034
0.775058 0.502194
0.851225 0.487472
0.877442 0.492324
0.917835 0.490593
0.954337 0.490852
0.986764 0.487561
0.0300047 0.511403
0.0640194 0.50745
0.10446 0.513229
0.129298 0.520587
0.154464 0.514407
0.190065 0.516128
0.223763 0.521917
0.268398 0.522449
0.310991 0.513454
0.337699 0.521789
0.398551 0.512159
0.429847 0.513898
0.475133 0.515933
0.561271 0.514411
0.668995 0.514085
0.746668 0.513838
0.809945 0.510982
0.871849 0.518053
0.900336 0.519059
0.942183 0.516961
0.983307 0.515002
0.0137476 0.532424
0.061176 0.532885
0.0877596 0.534357
0.155342 0.540113
0.362171 0.534454
0.429473 0.539474
0.45396 0.53018
0.505066 0.529694
0.533184 0.527249
0.615251 0.525878
0.641051 0.5245
0.663591 0.539228
0.718994 0.524076
0.784552 0.532019
0.82092 0.539217
0.846421 0.528091
0.966059 0.539292
0.0375348 0.547718
0.117062 0.548132
0.182168 0.541918
0.210162 0.546538
0.236811 0.543901
0.285025 0.543858
0.326631 0.551715
0.393423 0.54129
0.492731 0.55556
0.556282 0.545608
0.584572 0.54111
0.604465 0.557727
0.636663 0.55827
0.692985 0.541525
0.724859 0.550901
0.765936 0.552442
0.799418 0.555295
0.858172 0.557801
0.887024 0.541916
0.925621 0.548614
0.986883 0.554221
0.00600796 0.563721
0.0771265 0.564044
0.178057 0.57253
0.217946 0.575825
0.251998 0.567349
0.294985 0.572207
0.34059 0.573433
0.365667 0.561408
0.419342 0.562977
0.447452 0.561136
0.515663 0.567172
0.543754 0.571615
0.579815 0.566325
0.671722 0.563842
0.706522 0.57006
0.826444 0.57214
0.899844 0.564708
0.962153 0.57267
0.0053333 0.594358
0.0470994 0.579556
0.0809161 0.591219
0.106122 0.584748
0.137563 0.580665
0.161231 0.592671
0.242325 0.59486
0.318402 0.586462
0.374402 0.587032
0.403503 0.584028
0.44592 0.591579
0.492727 0.583018
0.593315 0.588096
0.618584 0.594814
0.642315 0.583316
0.724342 0.592519
0.745991 0.578916
0.778599 0.593282
0.801256 0.581035
0.860666 0.588326
0.900153 0.590865
0.9291 0.579748
0.985662 0.583284
0.029688 0.602627
0.0596423 0.605431
0.129818 0.607465
0.189215 0.606504
0.219941 0.612231
0.27364 0.600695
0.318236 0.612408
0.341544 0.599538
0.411712 0.608396
0.468308 0.604873
0.530406 0.598649
0.558618 0.60603
0.663298 0.600146
0.698406 0.598649
0.754137 0.603275
0.820125 0.598671
0.882103 0.610335
0.944348 0.601395
0.975635 0.609549
0.00425755 0.621815
0.072655 0.629144
0.099028 0.620031
0.147963 0.625578
0.282734 0.625963
0.344669 0.627384
0.370216 0.62979
0.398494 0.630488
0.44509 0.622229
0.51231 0.620695
0.596177 0.623071
0.627333 0.629248
0.654112 0.62417
0.687866 0.625025
0.73449 0.619623
0.76642 0.629724
0.79831 0.618798
0.854741 0.613155
0.912054 0.613566
0.0160702 0.645817
0.0464613 0.643637
0.0972673 0.648936
0.12207 0.634294
0.17388 0.631599
0.229696 0.642775
0.255417 0.631927
0.307382 0.640995
0.423371 0.645688
0.479706 0.636713
0.50732 0.64819
0.537 0.639452
0.564493 0.637417
0.667985 0.646495
0.712072 0.633285
0.73756 0.649059
0.827908 0.641451
0.888331 0.63692
0.928875 0.632909
0.955287 0.631502
0.981752 0.64574
0.138814 0.653702
0.164302 0.655962
0.203007 0.654154
0.283441 0.652792
0.340832 0.654594
0.406035 0.664607
0.453422 0.64987
0.48582 0.66191
0.555466 0.661299
0.584437 0.662025
0.611677 0.664648
0.641104 0.652341
0.701762 0.659166
0.763352 0.656929
0.793807 0.666725
0.860247 0.653596
0.918173 0.657958
0.945445 0.655762
0.0111947 0.680152
0.0377072 0.673916
0.074418 0.674474
0.120903 0.672875
0.178805 0.680026
0.244362 0.669937
0.308929 0.673885
0.334164 0.679661
0.374611 0.671589
0.427438 0.685116
0.513884 0.680248
0.540309 0.68296
0.638709 0.679082
0.678242 0.673753
0.743478 0.678317
0.771429 0.683798
0.831899 0.671219
0.892709 0.670572
0.928274 0.681546
0.959963 0.684994
0.985103 0.676103
0.0576614 0.695623
0.0971297 0.686868
0.143959 0.688481
0.220753 0.692467
0.274097 0.69871
0.353067 0.702436
0.390787 0.691324
0.46105 0.687153
0.494888 0.699616
0.583309 0.692518
0.617425 0.695101
0.677102 0.700031
0.703043 0.686803
0.736227 0.703198
0.795285 0.702286
0.819821 0.694357
0.867149 0.690735
0.899997 0.696211
0.00479986 0.715825
0.0365584 0.72004
0.0802906 0.709356
0.121672 0.720511
0.150416 0.713419
0.18627 0.710674
0.246623 0.703429
0.294196 0.715715
0.323463 0.709723
0.392659 0.718761
0.431714 0.717163
0.458008 0.713754
0.523232 0.717339
0.555745 0.706181
0.651971 0.706444
0.770401 0.710063
0.846859 0.709151
0.927683 0.710717
0.954527 0.712012
0.989397 0.710086
0.0174079 0.738245
0.0976135 0.734905
0.168626 0.732677
0.205927 0.730344
0.243267 0.736878
0.270748 0.731212
0.316524 0.738414
0.364553 0.725883
0.412496 0.735434
0.444944 0.739109
0.471631 0.738685
0.495033 0.725917
0.555082 0.736559
0.586326 0.729366
0.633251 0.730923
0.669938 0.729218
0.714242 0.725505
0.758953 0.733311
0.795271 0.734365
0.821161 0.721336
0.871443 0.724719
0.914472 0.73732
0.0636379 0.750872
0.140349 0.747342
0.222992 0.754618
0.351139 0.752898
0.51833 0.747945
0.664213 0.754792
0.693531 0.7408
0.730328 0.748168
0.862588 0.750333
0.89082 0.74874
0.953657 0.743283
0.980722 0.75489
0.00888315 0.762396
0.0416621 0.766367
0.0940403 0.762007
0.175986 0.765255
0.253537 0.770475
0.289292 0.764151
0.315475 0.770387
0.376948 0.762342
0.410072 0.761379
0.442091 0.77494
0.469217 0.764129
0.497486 0.771195
0.564104 0.761253
0.606038 0.759109
0.638205 0.758998
0.693699 0.767254
0.72028 0.773324
0.753828 0.758798
0.806209 0.759221
0.835703 0.757916
0.912867 0.763154
0.947387 0.773808
0.034074 0.791254
0.0626298 0.787012
0.118966 0.77702
0.154221 0.780428
0.196799 0.7804
0.222357 0.78464
0.354785 0.784706
0.385914 0.788785
0.415848 0.786359
0.525447 0.777048
0.62594 0.782036
0.6557 0.780713
0.740613 0.789543
0.773038 0.775682
0.797518 0.784098
0.824794 0.785331
0.861545 0.786532
0.891523 0.77889
0.989351 0.788498
0.0848538 0.810695
0.111987 0.8063
0.14605 0.807077
0.175405 0.79605
0.252102 0.804621
0.294292 0.795903
0.323636 0.799343
0.348377 0.810172
0.434646 0.806996
0.475003 0.795391
0.511466 0.799087
0.555756 0.794308
0.590642 0.79488
0.636332 0.807412
0.700557 0.796959
0.76608 0.804693
0.793117 0.809649
0.842778 0.807093
0.904402 0.802707
0.945796 0.799453
0.00844929 0.813437
0.0520265 0.822729
0.164665 0.828168
0.191767 0.816389
0.225836 0.812216
0.284731 0.823749
0.379586 0.81722
0.40464 0.826836
0.466366 0.82626
0.493647 0.818797
0.601971 0.825869
0.679898 0.813103
0.866737 0.81835
0.925211 0.821731
0.950853 0.826687
0.975868 0.821031
0.0294684 0.835467
0.0737875 0.83941
0.121855 0.843496
0.2569 0.837654
0.323006 0.840251
0.356065 0.835141
0.381856 0.844471
0.439982 0.835264
0.53971 0.831104
0.572425 0.836855
0.624527 0.843233
0.648418 0.831464
0.696233 0.832731
0.723118 0.831291
0.757387 0.831056
0.78191 0.845874
0.829419 0.831524
0.870148 0.843884
0.895325 0.836078
0.991056 0.844479
0.0958483 0.853966
0.140867 0.865063
0.186872 0.855153
0.222573 0.851051
0.300037 0.859163
0.418944 0.865116
0.476409 0.852365
0.503815 0.856685
0.551061 0.86075
0.577479 0.862704
0.608247 0.864267
0.651784 0.857326
0.677388 0.855613
0.758249 0.863222
0.82491 0.862319
0.854415 0.864355
0.892868 0.861515
0.9312 0.849109
0.964832 0.859851
0.0126152 0.870916
0.053594 0.869369
0.115748 0.871889
0.221515 0.879788
0.247891 0.869012
0.274884 0.8681
0.33384 0.866697
0.362706 0.866338
0.392877 0.867655
0.456729 0.869495
0.488765 0.878202
0.523811 0.879063
0.664401 0.881551
0.716011 0.868237
0.797726 0.867688
0.918409 0.871303
0.0186633 0.901223
0.0944105 0.888058
0.127806 0.895167
0.155619 0.887367
0.182864 0.886279
0.301635 0.886133
0.370892 0.8953
0.401768 0.89718
0.432377 0.889972
0.559083 0.890235
0.588244 0.892106
0.631802 0.883782
0.690596 0.891744
0.743988 0.897608
0.793748 0.899008
0.82075 0.894537
0.86917 0.888979
0.923319 0.897119
0.951342 0.892385
0.97797 0.885281
0.0600788 0.902092
0.147039 0.912386
0.187768 0.918451
0.226987 0.909232
0.269178 0.907316
0.319129 0.914562
0.345015 0.906774
0.385758 0.918496
0.464401 0.914591
0.497661 0.904244
0.569361 0.915667
0.627294 0.917141
0.656663 0.905906
0.681741 0.917358
0.71509 0.901708
0.770065 0.908667
0.860893 0.917207
0.89553 0.907864
0.978077 0.911519
0.0180361 0.936968
0.0531914 0.927991
0.0837049 0.927428
0.111338 0.920404
0.210695 0.930907
0.2482 0.923484
0.290519 0.931844
0.343904 0.933902
0.41437 0.920743
0.439633 0.92513
0.527308 0.924592
0.597345 0.927583
0.720536 0.927453
0.8055 0.936665
0.833421 0.932353
0.912934 0.932403
0.936498 0.92202
0.0443971 0.955143
0.114205 0.948329
0.158836 0.940891
0.228952 0.951598
0.256483 0.951937
0.374782 0.945525
0.425479 0.954302
0.469042 0.943677
0.494775 0.944997
0.546985 0.943254
0.614471 0.953537
0.641016 0.942015
0.666668 0.941741
0.698376 0.941844
0.74164 0.942919
0.779464 0.939755
0.876554 0.954698
0.975568 0.942026
0.00203854 0.957174
0.0698811 0.961607
0.126786 0.971207
0.152967 0.966208
0.194522 0.960854
0.302988 0.957465
0.329344 0.956067
0.354357 0.966477
0.401282 0.964224
0.450194 0.973322
0.477012 0.973024
0.521322 0.966695
0.577843 0.961398
0.642603 0.973079
0.670395 0.968878
0.717379 0.958932
0.740478 0.970083
0.764946 0.960937
0.803945 0.971941
0.841287 0.962856
0.935284 0.958229
0.961713 0.964262
0.991406 0.962085
0.0244911 0.977255
0.0712024 0.991171
0.0960783 0.982529
0.142999 0.991488
0.168141 0.98699
0.216955 0.984511
0.247141 0.982993
0.286021 0.976675
0.311254 0.988446
0.337576 0.98762
0.376466 0.984952
0.422114 0.990566
0.500841 0.990736
0.531207 0.990312
0.557879 0.98145
0.591763 0.988051
0.622956 0.991552
0.687628 0.990803
0.722731 0.990545
0.763598 0.986572
0.824369 0.987394
0.850826 0.990865
0.879414 0.991667
0.899334 0.975685
0.926136 0.990638
0.95451 0.989071
0.981139 0.985717
