0.119522 0.084455
0.053337 0.069589
0.204587 0.085037
0.221530 0.994117
0.680916 0.476340
0.548246 0.239810
0.143969 0.076362
0.716745 0.230998
0.582636 0.587729
0.639843 0.591760
0.047660 0.991383
0.044111 0.033770
0.763016 0.026049
0.022348 0.009210
0.527180 0.634862
0.404870 0.980407
0.241460 0.904141
0.585651 0.552678
0.580294 0.414033
0.215986 0.216820
0.339297 0.117455
0.041380 0.268753
0.739163 0.070405
0.783292 0.782502
0.525105 0.296551
0.152680 0.367807
0.808111 0.223676
0.563945 0.923044
0.630027 0.226289
0.177335 0.377773
0.054168 0.206624
0.148516 0.110904
0.055640 0.312420
0.419802 0.737332
0.681708 0.508023
0.170314 0.067406
0.667344 0.967161
0.691083 0.667294
0.209755 0.414142
0.043716 0.337066
0.835268 0.619029
0.243563 0.325696
0.045025 0.421834
0.565581 0.965641
0.371699 0.435839
0.341102 0.864717
0.036391 0.116039
0.044237 0.963445
0.885088 0.611500
0.716812 0.778061
0.759640 0.089379
0.071454 0.893227
0.028398 0.394927
0.743507 0.244947
0.094776 0.476214
0.234992 0.354847
0.592342 0.750357
0.067048 0.283256
0.481537 0.584363
0.026915 0.938190
0.021502 0.905060
0.023866 0.237386
0.210815 0.625246
0.225160 0.184033
0.476597 0.098808
0.673917 0.610572
0.229998 0.563750
0.446126 0.386471
0.598310 0.273001
0.843879 0.592628
0.214772 0.026510
0.051133 0.914305
0.033331 0.163484
0.630417 0.815948
0.171562 0.844063
0.593298 0.182769
0.644306 0.074965
0.596819 0.645754
0.744658 0.122949
0.427464 0.014046
0.155687 0.539246
0.495177 0.859570
0.823875 0.856462
0.093125 0.195045
0.012865 0.323777
0.629282 0.266234
0.756927 0.943175
0.300817 0.444997
0.511608 0.255550
0.217937 0.825272
0.370109 0.515203
0.591129 0.942995
0.755589 0.566823
0.068019 0.093513
0.722557 0.105815
0.600729 0.242217
0.038044 0.877934
0.185341 0.129733
0.091878 0.845310
0.571661 0.879295
0.018086 0.358609
0.550372 0.761134
0.736768 0.007825
0.527871 0.875404
0.237773 0.064433
0.037771 0.836199
0.750978 0.152470
0.707512 0.317653
0.716718 0.511147
0.535013 0.594629
0.780743 0.140887
0.874492 0.287755
0.173387 0.010623
0.169954 0.882449
0.727583 0.403818
0.890756 0.652393
0.633425 0.622387
0.327884 0.333467
0.445140 0.957671
0.841307 0.233150
0.895600 0.301435
0.545383 0.943521
0.179005 0.339333
0.431631 0.623775
0.984784 0.438797
0.196387 0.884008
0.638651 0.127087
0.276909 0.014933
0.233108 0.436319
0.722059 0.684756
0.801993 0.008151
0.793740 0.168308
0.266162 0.448692
0.555916 0.347235
0.139250 0.672544
0.767091 0.053946
0.281306 0.201759
0.816253 0.951080
0.699953 0.925017
0.258231 0.803363
0.831851 0.682735
0.176051 0.621040
0.435349 0.987023
0.860032 0.664310
0.875445 0.583829
0.064247 0.784708
0.618125 0.984205
0.187680 0.168762
0.463375 0.179653
0.994500 0.987918
0.739778 0.179794
0.369542 0.334857
0.696888 0.822722
0.195029 0.987638
0.852407 0.845071
0.053861 0.508816
0.707329 0.381763
0.726400 0.566374
0.470326 0.900598
0.757915 0.813574
0.441317 0.799761
0.790199 0.205712
0.696352 0.855144
0.664173 0.295786
0.126275 0.462996
0.413088 0.227257
0.136066 0.704910
0.296351 0.336886
0.447502 0.762874
0.102212 0.163388
0.237974 0.235273
0.243840 0.934422
0.016172 0.141177
0.027499 0.083132
0.484021 0.133986
0.237120 0.598495
0.880044 0.896774
0.947860 0.335834
0.916920 0.317509
0.568707 0.157231
0.357370 0.992299
0.416560 0.140441
0.706608 0.596286
0.786505 0.875967
0.570814 0.258822
0.795753 0.690179
0.012270 0.423557
0.381324 0.730278
0.726755 0.297140
0.397223 0.755744
0.415627 0.043904
0.307861 0.416838
0.091658 0.682388
0.158873 0.142935
0.368574 0.184447
0.499028 0.891705
0.679613 0.689816
0.808583 0.594064
0.980762 0.407540
0.455028 0.128002
0.547104 0.317663
0.903278 0.484978
0.197712 0.778885
0.446626 0.347307
0.291745 0.843162
0.111096 0.893041
0.425197 0.308238
0.354227 0.140518
0.855125 0.326583
0.666377 0.581103
0.478977 0.534635
0.576053 0.218675
0.738455 0.601667
0.560654 0.383655
0.779716 0.827316
0.496450 0.633224
0.229640 0.495664
0.736928 0.455160
0.585509 0.777558
0.908325 0.579499
0.358587 0.391134
0.495865 0.673979
0.036349 0.788538
0.389430 0.057711
0.448361 0.837454
0.099314 0.442906
0.937608 0.476230
0.620477 0.092134
0.710543 0.075586
0.481311 0.235155
0.291503 0.602704
0.802817 0.334211
0.810853 0.061743
0.829220 0.341483
0.861873 0.381822
0.011566 0.556113
0.653787 0.239289
0.956465 0.359780
0.004576 0.111866
0.945293 0.871428
0.194621 0.725230
0.889975 0.552566
0.802838 0.367189
0.969418 0.911570
0.663791 0.267477
0.247779 0.691128
0.967360 0.783138
0.563444 0.652742
0.517619 0.985490
0.695225 0.988743
0.248262 0.411703
0.797124 0.036883
0.651640 0.364648
0.921132 0.928357
0.438293 0.517404
0.035812 0.534053
0.194304 0.199059
0.625677 0.518140
0.210967 0.698355
0.440578 0.418204
0.472134 0.942044
0.047002 0.369885
0.472498 0.464294
0.628741 0.337722
0.093886 0.781486
0.833253 0.924661
0.128427 0.852208
0.784591 0.941875
0.517771 0.388935
0.690063 0.448063
0.686131 0.244821
0.334547 0.728462
0.977429 0.259270
0.770608 0.997541
0.830841 0.083091
0.308800 0.943070
0.617378 0.548468
0.713270 0.537830
0.835137 0.041502
0.346961 0.631650
0.261539 0.656577
0.822701 0.709361
0.125258 0.043374
0.399542 0.667342
0.239323 0.532812
0.794809 0.661189
0.312996 0.637103
0.876473 0.235436
0.385376 0.383545
0.987719 0.352788
0.426368 0.279341
0.455491 0.072742
0.560362 0.186156
0.112902 0.665061
0.226581 0.874515
0.597676 0.147425
0.544061 0.509277
0.315246 0.747312
0.159889 0.208501
0.959838 0.137574
0.641988 0.739031
0.751066 0.425660
0.307749 0.304342
0.416602 0.334839
0.532492 0.789409
0.994250 0.084531
0.990578 0.291190
0.296813 0.781954
0.439616 0.483048
0.413052 0.950587
0.209974 0.591460
0.839602 0.756551
0.145030 0.871975
0.908130 0.345078
0.506589 0.035174
0.840692 0.366351
0.203889 0.550308
0.072116 0.443073
0.768739 0.740138
0.000342 0.834012
0.668092 0.390621
0.087856 0.306388
0.064635 0.151070
0.806959 0.530915
0.272962 0.075688
0.593135 0.518836
0.720614 0.978329
0.959702 0.980463
0.013402 0.969806
0.374879 0.867442
0.858454 0.067210
0.492402 0.201344
0.354416 0.255438
0.265872 0.256796
0.269800 0.951048
0.455386 0.734269
0.725702 0.654995
0.258151 0.475410
0.210315 0.257472
0.491222 0.166055
0.665870 0.810622
0.615006 0.414865
0.752226 0.973728
0.472216 0.654655
0.066263 0.695281
0.238316 0.268573
0.769200 0.184856
0.522945 0.663651
0.146461 0.759749
0.955824 0.439164
0.409413 0.886438
0.917025 0.671517
0.331325 0.808079
0.198902 0.479508
0.393342 0.917050
0.211407 0.910193
0.210698 0.517380
0.785305 0.568534
0.768612 0.596867
0.422410 0.919105
0.767356 0.369483
0.354706 0.780928
0.468870 0.421451
0.305652 0.090896
0.529627 0.445001
0.694221 0.285505
0.358397 0.752829
0.323498 0.389585
0.041460 0.736514
0.767341 0.461384
0.014614 0.859288
0.611390 0.491691
0.269294 0.540702
0.096609 0.955876
0.425727 0.175344
0.195806 0.443024
0.566956 0.292203
0.482498 0.267276
0.307108 0.868426
0.527059 0.482814
0.127200 0.736273
0.254258 0.212522
0.358910 0.837983
0.797076 0.395058
0.922963 0.604344
0.305529 0.121340
0.082473 0.338222
0.689141 0.893291
0.802062 0.916678
0.653141 0.203333
0.605643 0.062142
0.025368 0.296505
0.583012 0.361156
0.278708 0.684053
0.858437 0.916913
0.589808 0.981539
0.495351 0.291546
0.181952 0.405272
0.040383 0.595712
0.314631 0.362069
0.180553 0.946663
0.977957 0.563632
0.923119 0.797552
0.140831 0.608582
0.680879 0.327597
0.925980 0.997384
0.621821 0.762805
0.467284 0.864650
0.738558 0.917908
0.775907 0.709665
0.146756 0.934120
0.348264 0.314380
0.753345 0.783462
0.251408 0.978547
0.178822 0.561466
0.169306 0.452338
0.549212 0.413091
0.633100 0.299729
0.376057 0.974232
0.968754 0.500286
0.570273 0.126378
0.656339 0.045439
0.974974 0.009690
0.585267 0.040172
0.716784 0.145942
0.688612 0.046601
0.289680 0.567557
0.181430 0.521770
0.065716 0.177498
0.149034 0.991383
0.072220 0.723147
0.255125 0.178287
0.710601 0.478893
0.096956 0.099677
0.756143 0.215217
0.928975 0.843726
0.857616 0.262072
0.482908 0.713411
0.408683 0.704612
0.184944 0.037432
0.060019 0.819424
0.997216 0.383717
0.016763 0.808479
0.971359 0.110032
0.106329 0.710082
0.714167 0.347243
0.114708 0.928179
0.020490 0.645744
0.947957 0.226620
0.137094 0.400744
0.904139 0.816198
0.186858 0.307768
0.807818 0.451335
0.642365 0.411107
0.116304 0.822228
0.338935 0.568423
0.957644 0.284820
0.552794 0.991647
0.612359 0.014088
0.280312 0.985044
0.588907 0.466790
0.722557 0.868530
0.940379 0.193165
0.442394 0.885001
0.513620 0.514561
0.805148 0.732281
0.515719 0.225632
0.424186 0.076509
0.329504 0.978417
0.415625 0.439192
0.311538 0.501368
0.808192 0.631963
0.541865 0.818976
0.340837 0.443432
0.575929 0.848397
0.924472 0.370794
0.754766 0.682554
0.957960 0.386585
0.632500 0.865130
0.020282 0.050646
0.033648 0.480062
0.075642 0.365316
0.821353 0.178961
0.872103 0.511309
0.223465 0.799395
0.126432 0.010072
0.721151 0.203447
0.907790 0.763259
0.585896 0.083934
0.342960 0.014990
0.112050 0.343948
0.577642 0.012972
0.874586 0.208645
0.410386 0.511330
0.457601 0.299841
0.707910 0.021115
0.947076 0.819862
0.911012 0.632908
0.390638 0.491509
0.391301 0.578181
0.945968 0.546192
0.156871 0.235027
0.285573 0.239990
0.388597 0.783242
0.777529 0.533452
0.496382 0.927842
0.771284 0.907532
0.285957 0.045491
0.927349 0.441910
0.867321 0.817905
0.937078 0.150234
0.181068 0.593353
0.096990 0.744457
0.371646 0.650822
0.840630 0.113048
0.261211 0.609217
0.965809 0.528334
0.909067 0.142538
0.159082 0.421949
0.494359 0.007136
0.448182 0.154363
0.911320 0.209685
0.508646 0.106936
0.521716 0.916967
0.364589 0.559764
0.250867 0.744619
0.996587 0.893022
0.358026 0.681195
0.942616 0.749284
0.489084 0.497175
0.462275 0.211697
0.361934 0.287395
0.281532 0.632787
0.988147 0.689633
0.781259 0.430948
0.236668 0.153146
0.694371 0.758363
0.654997 0.107391
0.605883 0.611605
0.379836 0.618842
0.921626 0.278859
0.587099 0.677381
0.648792 0.837995
0.103106 0.571403
0.619725 0.952837
0.397411 0.173391
0.275905 0.107205
0.943568 0.723344
0.837210 0.500138
0.505311 0.545716
0.009519 0.264806
0.845945 0.298198
0.624514 0.654665
0.827870 0.267020
0.350646 0.361002
0.664097 0.429309
0.834496 0.012582
0.814368 0.890662
0.308577 0.541457
0.392425 0.205963
0.924129 0.047568
0.126306 0.540597
0.003704 0.212646
0.088675 0.511868
0.273004 0.321747
0.260450 0.571936
0.866208 0.034680
0.372291 0.893098
0.909943 0.966280
0.636804 0.704988
0.520289 0.334940
0.446245 0.041043
0.094995 0.872244
0.940357 0.697143
0.862685 0.630864
0.881304 0.735039
0.517707 0.415834
0.887255 0.369324
0.548488 0.035721
0.150750 0.476410
0.986451 0.057682
0.715966 0.434372
0.677220 0.012273
0.169477 0.970181
0.055861 0.241224
0.177339 0.099859
0.177848 0.755962
0.054725 0.665906
0.537071 0.547543
0.133933 0.960211
0.123526 0.126095
0.890119 0.840952
0.727578 0.042637
0.901604 0.421567
0.116863 0.498294
0.068029 0.015153
0.328139 0.235802
0.502098 0.603877
0.069086 0.609474
0.163227 0.727701
0.409605 0.114238
0.602475 0.115398
0.635729 0.897450
0.822963 0.779119
0.850997 0.459475
0.323406 0.835569
0.226827 0.668479
0.066178 0.402102
0.976375 0.716584
0.357802 0.219412
0.029180 0.197931
0.347819 0.950740
0.243378 0.093383
0.126153 0.583219
0.876338 0.441359
0.081001 0.985542
0.947545 0.308861
0.287769 0.282820
0.454526 0.266727
0.484447 0.395647
0.407167 0.640111
0.674447 0.146853
0.913358 0.894877
0.724044 0.948073
0.837350 0.530027
0.465547 0.328172
0.140186 0.903840
0.080262 0.222844
0.447765 0.451471
0.214686 0.750865
0.283700 0.167596
0.682471 0.732664
0.693596 0.569598
0.395115 0.088449
0.450994 0.598036
0.608993 0.840878
0.475706 0.827757
0.394270 0.816380
0.845681 0.564516
0.758898 0.305016
0.382851 0.696679
0.535572 0.162627
0.383179 0.146631
0.744110 0.713992
0.589172 0.906429
0.539261 0.270825
0.721900 0.738764
0.751420 0.632187
0.188494 0.235914
0.175333 0.915974
0.006664 0.739522
0.112002 0.983138
0.803284 0.251564
0.572495 0.493874
0.236859 0.773535
0.318510 0.691965
0.088059 0.813333
0.851903 0.953893
0.019269 0.619018
0.538837 0.127926
0.082184 0.646518
0.609031 0.440730
0.971719 0.201952
0.315369 0.580833
0.787831 0.277113
0.097565 0.021428
0.135203 0.254831
0.230801 0.720632
0.363265 0.079675
0.503540 0.813461
0.379737 0.462977
0.468376 0.794705
0.246199 0.125070
0.937539 0.109992
0.663707 0.712296
0.085486 0.922155
0.008922 0.457577
0.306177 0.216488
0.119329 0.773145
0.980898 0.954259
0.877593 0.336848
0.339355 0.534736
0.870540 0.764748
0.061696 0.858351
0.522015 0.956370
0.331896 0.283473
0.002281 0.178489
0.442258 0.547071
0.830510 0.653790
0.746916 0.534688
0.192960 0.281664
0.421014 0.821791
0.237259 0.848304
0.269322 0.774406
0.294542 0.812095
0.996971 0.486531
0.198153 0.650904
0.441184 0.655594
0.154399 0.314886
0.818536 0.300850
0.680348 0.184387
0.414437 0.399711
0.880419 0.126433
0.260509 0.504659
0.936279 0.962512
0.043018 0.451274
0.685920 0.101992
0.352129 0.050677
0.465631 0.016550
0.467984 0.688257
0.164603 0.789006
0.982266 0.321054
0.915003 0.237152
0.772807 0.245791
0.211472 0.329526
0.568830 0.441637
0.880475 0.685233
0.008966 0.584466
0.379190 0.943618
0.412027 0.548089
0.122151 0.374402
0.165600 0.695907
0.626344 0.182576
0.942864 0.256365
0.284745 0.744898
0.523463 0.059863
0.604121 0.343117
0.207495 0.057102
0.166286 0.655563
0.743250 0.333103
0.552886 0.466895
0.791170 0.081914
0.987713 0.147165
0.441277 0.709580
0.902500 0.458046
0.842679 0.883561
0.797317 0.846855
0.606870 0.209515
0.584932 0.708513
0.202898 0.362929
0.869280 0.481774
0.413069 0.468348
0.739759 0.486744
0.360332 0.596395
0.518822 0.187793
0.021619 0.764236
0.095249 0.385883
0.495010 0.435073
0.719408 0.897284
0.141792 0.339634
0.385457 0.540129
0.095330 0.133122
0.261749 0.830701
0.783596 0.620846
0.647454 0.982822
0.186903 0.811129
0.255413 0.381764
0.903610 0.514206
0.946404 0.018311
0.812182 0.422445
0.956675 0.675356
0.753842 0.882977
0.928097 0.077211
0.216004 0.112900
0.515989 0.840924
0.390288 0.353401
0.750637 0.275597
0.111479 0.633475
0.335479 0.662990
0.324775 0.776125
0.068316 0.541113
0.772855 0.340063
0.337196 0.198634
0.012457 0.710845
0.966926 0.172890
0.408649 0.256500
0.479111 0.760510
0.765459 0.656797
0.464960 0.563562
0.996496 0.028856
0.427933 0.578458
0.725763 0.806371
0.425441 0.858302
0.658457 0.639639
0.123117 0.217244
0.677308 0.074588
0.325043 0.922420
0.380445 0.240352
0.598709 0.387633
0.653608 0.522946
0.836349 0.204795
0.390773 0.310675
0.689256 0.638519
0.613738 0.577966
0.375387 0.028688
0.498232 0.735429
0.625311 0.466478
0.563159 0.531665
0.904498 0.701626
0.867058 0.099124
0.958645 0.079439
0.533175 0.089858
0.303009 0.970115
0.778104 0.112498
0.558906 0.063078
0.714898 0.263456
0.716065 0.625487
0.706830 0.173915
0.126178 0.188365
0.853173 0.986397
0.546962 0.850754
0.881209 0.953445
0.788651 0.306566
0.389597 0.279568
0.258584 0.293808
0.116804 0.309892
0.131337 0.433695
0.543260 0.209388
0.985196 0.659934
0.491201 0.966740
0.355903 0.916927
0.342526 0.165692
0.254531 0.041957
0.756368 0.852696
0.887944 0.985716
0.106034 0.240440
0.327843 0.608417
0.790091 0.974204
0.530614 0.727075
0.662469 0.764017
0.580842 0.320857
0.823038 0.980362
0.907928 0.108450
0.143775 0.636389
0.893931 0.082210
0.312276 0.261662
0.910027 0.395108
0.470872 0.367594
0.208307 0.147644
0.518147 0.758625
0.134572 0.158459
0.052608 0.633924
0.265835 0.891891
0.391037 0.418014
0.223994 0.962589
0.074289 0.577456
0.299566 0.713871
0.685534 0.214042
0.188945 0.680200
0.238818 0.637440
0.650524 0.453945
0.827708 0.821428
0.814221 0.561435
0.199104 0.849972
0.616229 0.916371
0.432113 0.681514
0.549537 0.618032
0.443274 0.239416
0.942209 0.649837
0.496655 0.357590
0.907019 0.866751
0.113523 0.278230
0.289216 0.385482
0.962385 0.594592
0.654340 0.329138
0.493922 0.320806
0.160739 0.180550
0.980565 0.872272
0.809533 0.113121
0.609961 0.725441
0.017222 0.508180
0.546514 0.897465
0.804156 0.804881
0.853861 0.179882
0.686206 0.790937
0.312992 0.148361
0.441937 0.103625
0.432403 0.203383
0.501980 0.466986
0.244267 0.013769
0.728642 0.837259
0.650865 0.670295
0.643540 0.939149
0.374377 0.112687
0.100428 0.413430
0.845931 0.730842
0.996720 0.929605
0.394806 0.010701
0.280231 0.923013
0.271848 0.357351
0.799978 0.502680
0.641856 0.785767
0.616106 0.686994
0.575919 0.620580
0.222264 0.387229
0.941133 0.777097
0.744826 0.756501
0.407091 0.603168
0.626188 0.377722
0.995765 0.530287
0.760095 0.505326
0.098888 0.607677
0.607439 0.798406
0.957459 0.046229
0.967559 0.846974
0.351544 0.710241
0.891010 0.053836
0.843796 0.429953
0.019140 0.672853
0.395644 0.848994
0.098188 0.540902
0.980581 0.633512
0.654613 0.166490
0.688928 0.951987
0.941129 0.410933
0.420106 0.779199
0.561017 0.098207
0.512354 0.141629
0.947975 0.622879
0.968581 0.469352
0.952455 0.938027
0.943757 0.900831
0.891961 0.926221
0.797145 0.757751
0.419918 0.367495
0.466916 0.984570
0.989049 0.605116
0.708566 0.711086
0.330959 0.892328
0.276807 0.417643
0.647796 0.013686
0.824040 0.474415
0.292074 0.476180
0.365705 0.809207
0.531987 0.012837
0.496075 0.074882
0.871749 0.407849
0.910081 0.730814
0.977688 0.814121
0.871876 0.869106
0.336122 0.086264
0.477864 0.049273
0.064335 0.123816
0.037621 0.699618
0.324807 0.467441
0.152305 0.575196
0.066545 0.481172
0.907654 0.022780
0.267519 0.716484
0.845890 0.144128
0.297329 0.898234
0.273988 0.140374
0.308359 0.009312
0.135206 0.799132
0.737699 0.369864
0.895225 0.260262
0.299851 0.664451
0.448450 0.922183
0.681761 0.541116
0.167713 0.266037
0.066145 0.947425
0.888502 0.181569
0.917037 0.175036
0.816738 0.144656
0.691242 0.411157
0.287399 0.515443
0.224041 0.297563
0.343305 0.415022
0.311914 0.181486
0.605112 0.302721
0.977778 0.748955
0.499269 0.784846
0.173822 0.492988
0.916954 0.542157
0.649310 0.554504
0.322424 0.036657
0.625808 0.041392
0.786284 0.480221
0.764468 0.398521
0.267700 0.864871
0.603307 0.875196
0.982724 0.232611
0.684028 0.361264
0.582256 0.820551
0.098856 0.060892
0.152370 0.036264
0.515008 0.572613
0.516025 0.698979
0.995087 0.782307
0.044808 0.565141
0.934892 0.508220
0.861862 0.706972
0.085897 0.261729
0.669981 0.854705
0.311945 0.062375
0.465463 0.623901
0.693617 0.128031
0.338781 0.505390
0.354394 0.479988
0.208396 0.939546
0.530945 0.365856
0.874636 0.154778
0.865653 0.541139
0.564039 0.795679
0.146357 0.288729
0.151951 0.825016
0.849432 0.794814
0.831865 0.398322
0.065521 0.755269
0.558232 0.572084
0.662050 0.887030
0.225287 0.463165
0.553441 0.705368
0.651318 0.488808
0.074903 0.049130
0.940758 0.574365
0.142160 0.510589
0.564732 0.736118
0.665573 0.922641
0.625836 0.150887
0.463704 0.505203
0.549517 0.678388
0.877455 0.010041
0.886499 0.788215
