0.038885 0.178176
0.151346 0.563211
0.446026 0.130578
0.173470 0.993064
0.604743 0.170537
0.577026 0.668884
0.453578 0.614882
0.443505 0.492073
0.244341 0.675372
0.631687 0.784503
0.014412 0.560231
0.557313 0.013662
0.346481 0.483921
0.645177 0.498575
0.530038 0.869451
0.428389 0.890909
0.676452 0.205993
0.622343 0.262991
0.096642 0.021160
0.386741 0.103486
0.778292 0.403804
0.634973 0.114486
0.607696 0.674303
0.316884 0.534287
0.052928 0.008715
0.397843 0.767271
0.502197 0.761857
0.866552 0.024607
0.015375 0.863104
0.032933 0.761932
0.792933 0.968934
0.494026 0.365082
0.527049 0.486270
0.022742 0.931559
0.041059 0.120535
0.106060 0.985905
0.935194 0.933310
0.359278 0.225837
0.843940 0.996275
0.788905 0.264264
0.606980 0.065504
0.605889 0.644752
0.256649 0.503195
0.705359 0.019147
0.592340 0.297328
0.151377 0.082113
0.218935 0.701682
0.117219 0.613662
0.748141 0.218572
0.034212 0.537953
0.368722 0.550652
0.250358 0.396126
0.731677 0.426901
0.308458 0.464162
0.944398 0.007795
0.170503 0.023036
0.698038 0.232760
0.004893 0.776762
0.564888 0.730687
0.271852 0.283778
0.330099 0.773908
0.713878 0.347548
0.678699 0.376806
0.018358 0.957440
0.041487 0.150487
0.376370 0.935105
0.371114 0.672975
0.267059 0.764506
0.096541 0.061182
0.993417 0.922631
0.540866 0.754769
0.625898 0.819990
0.443055 0.293746
0.107294 0.646319
0.497819 0.569354
0.161630 0.633760
0.863669 0.081061
0.930676 0.252390
0.980731 0.760326
0.586468 0.703368
0.929867 0.489836
0.226436 0.253347
0.350034 0.701686
0.374194 0.968519
0.481039 0.034231
0.324916 0.861774
0.063345 0.537210
0.203286 0.010950
0.760292 0.952357
0.110278 0.566005
0.852985 0.353943
0.604990 0.103464
0.261936 0.651033
0.475619 0.589956
0.023084 0.238852
0.669517 0.455114
0.552661 0.320863
0.914930 0.089732
0.519647 0.138446
0.292409 0.549212
0.543459 0.158972
0.948792 0.775536
0.572932 0.480522
0.185640 0.708873
0.028189 0.585938
0.823377 0.098700
0.602782 0.890576
0.672738 0.488508
0.306321 0.650001
0.851703 0.263956
0.447135 0.520052
0.594260 0.836069
0.002690 0.190777
0.812076 0.904649
0.457281 0.908385
0.804259 0.490139
0.539549 0.117749
0.171744 0.953749
0.343311 0.800203
0.760887 0.293016
0.574777 0.402625
0.622759 0.697136
0.519775 0.077628
0.709442 0.125717
0.415223 0.264093
0.282125 0.161054
0.969645 0.698076
0.500957 0.167267
0.736070 0.183802
0.811755 0.131335
0.070183 0.034925
0.655435 0.392407
0.063383 0.202760
0.922991 0.754794
0.403035 0.433185
0.875157 0.993616
0.793993 0.458708
0.899333 0.889024
0.183837 0.139683
0.182341 0.760282
0.436383 0.224704
0.389539 0.135966
0.999703 0.484597
0.387650 0.278358
0.551108 0.199084
0.437703 0.381373
0.785565 0.934744
0.053430 0.230714
0.343049 0.918085
0.658470 0.566418
0.640107 0.658366
0.824528 0.273029
0.042182 0.503781
0.405211 0.232910
0.146964 0.749941
0.048781 0.735093
0.576166 0.182006
0.701141 0.187139
0.082765 0.920384
0.638338 0.467134
0.524325 0.932902
0.896300 0.135139
0.335196 0.292370
0.115952 0.928248
0.501479 0.988375
0.932839 0.982334
0.286843 0.071561
0.955489 0.273784
0.368809 0.156210
0.758168 0.334966
0.937640 0.559316
0.070987 0.074883
0.436045 0.545725
0.320903 0.261645
0.412621 0.299250
0.952477 0.744884
0.371689 0.779980
0.202097 0.169293
0.009428 0.132642
0.254660 0.183632
0.465384 0.240473
0.508464 0.438075
0.012622 0.712174
0.915882 0.714860
0.897156 0.744444
0.210180 0.796707
0.927159 0.803298
0.367181 0.004272
0.015980 0.455226
0.891690 0.435918
0.273788 0.108578
0.203837 0.237597
0.934464 0.034098
0.706909 0.992564
0.129340 0.587115
0.950042 0.961051
0.498032 0.326732
0.926627 0.425708
0.686544 0.629571
0.022174 0.799590
0.404565 0.333869
0.576811 0.330446
0.500434 0.844077
0.391205 0.605984
0.870131 0.751047
0.951975 0.593267
0.834911 0.202638
0.945228 0.172977
0.790275 0.701273
0.702999 0.270078
0.986579 0.278304
0.890655 0.349422
0.227469 0.544181
0.554575 0.502191
0.027401 0.208472
0.510906 0.892942
0.989395 0.891472
0.372036 0.579927
0.717864 0.296591
0.633818 0.179299
0.605325 0.235257
0.563999 0.924576
0.155582 0.673993
0.955132 0.078493
0.752328 0.465110
0.058593 0.773212
0.746849 0.928004
0.073602 0.149208
0.986795 0.092056
0.176360 0.258456
0.993519 0.680917
0.273364 0.705518
0.243534 0.120540
0.770133 0.199622
0.730288 0.147231
0.487857 0.867846
0.667105 0.523522
0.314966 0.494896
0.201406 0.979466
0.554541 0.646123
0.924757 0.116820
0.230509 0.211191
0.488781 0.620183
0.244676 0.570246
0.222188 0.602242
0.398052 0.370268
0.067084 0.254473
0.430632 0.764668
0.958328 0.431100
0.636599 0.046967
0.515635 0.548379
0.569727 0.150985
0.816530 0.745063
0.699365 0.405643
0.998073 0.643152
0.922462 0.678256
0.045933 0.912628
0.381606 0.319084
0.096046 0.838559
0.714246 0.384573
0.804849 0.028600
0.367823 0.380938
0.664219 0.316572
0.286081 0.436848
0.592114 0.133862
0.506028 0.806004
0.093112 0.098323
0.472625 0.113856
0.700730 0.159609
0.633568 0.870871
0.477308 0.825478
0.121838 0.101750
0.117034 0.958364
0.371495 0.901312
0.416941 0.120213
0.742936 0.038285
0.790390 0.744081
0.904055 0.013866
0.866461 0.500215
0.395926 0.534938
0.805124 0.206500
0.436727 0.327576
0.098577 0.452384
0.125194 0.326894
0.128460 0.472712
0.893011 0.067310
0.293723 0.625365
0.630268 0.625987
0.487803 0.225135
0.602484 0.802236
0.315172 0.398739
0.783362 0.313603
0.604402 0.999132
0.644758 0.980189
0.837217 0.143392
0.252091 0.428225
0.836791 0.485467
0.283824 0.485010
0.458414 0.943099
0.659654 0.951051
0.881556 0.377418
0.791253 0.178184
0.619563 0.556897
0.282274 0.338271
0.125143 0.437160
0.371096 0.811440
0.405253 0.950002
0.514805 0.593480
0.525697 0.830098
0.670817 0.003485
0.636316 0.328671
0.765883 0.055110
0.121455 0.677491
0.506229 0.106725
0.919586 0.580759
0.119247 0.869353
0.291048 0.256805
0.338762 0.515631
0.983606 0.450319
0.815520 0.937958
0.215670 0.066959
0.261782 0.987493
0.342936 0.165391
0.600512 0.861391
0.973810 0.007321
0.020683 0.894830
0.169652 0.396604
0.850156 0.807841
0.636552 0.008221
0.188588 0.085549
0.344974 0.329944
0.037846 0.428268
0.890481 0.317457
0.171999 0.304009
0.821513 0.362712
0.347644 0.598326
0.465388 0.348948
0.774175 0.021132
0.539079 0.986576
0.075070 0.508965
0.785800 0.149613
0.602928 0.391028
0.321417 0.144248
0.512149 0.655844
0.819008 0.709740
0.059984 0.448759
0.869116 0.872502
0.817132 0.334139
0.956346 0.535689
0.626064 0.957272
0.408540 0.647012
0.977216 0.975335
0.920292 0.353495
0.195045 0.045837
0.442018 0.259624
0.039834 0.271805
0.342502 0.666218
0.148101 0.414615
0.726283 0.590405
0.097247 0.132224
0.412221 0.682299
0.689578 0.046544
0.646045 0.431147
0.141788 0.373455
0.824902 0.786876
0.616901 0.725922
0.884192 0.958166
0.073456 0.285760
0.145095 0.937386
0.975610 0.943370
0.367238 0.465744
0.619286 0.436533
0.254423 0.600070
0.225901 0.773964
0.291031 0.904690
0.946413 0.227204
0.539202 0.672056
0.057017 0.942546
0.890854 0.591578
0.825859 0.456717
0.477776 0.447468
0.834689 0.030192
0.417737 0.198602
0.003755 0.824462
0.812793 0.677791
0.666722 0.784745
0.466153 0.159783
0.340858 0.369498
0.014470 0.100636
0.314131 0.317699
0.274691 0.817759
0.724025 0.459666
0.787288 0.231607
0.885759 0.105984
0.812280 0.999336
0.842090 0.761416
0.236564 0.904631
0.559850 0.288406
0.023069 0.681729
0.661605 0.101244
0.377575 0.035053
0.480264 0.504053
0.905338 0.267105
0.655931 0.813262
0.035843 0.474179
0.546695 0.084021
0.348397 0.095907
0.084635 0.955223
0.273232 0.568533
0.653272 0.688291
0.484236 0.785995
0.378698 0.248448
0.734297 0.320233
0.631722 0.928356
0.533737 0.716379
0.620177 0.519083
0.483402 0.080086
0.912755 0.305717
0.685055 0.938196
0.348247 0.880515
0.435593 0.654455
0.598532 0.917777
0.797084 0.881925
0.827353 0.310151
0.255364 0.791716
0.376383 0.726362
0.821239 0.169717
0.646070 0.242601
0.211589 0.467788
0.746155 0.404607
0.902963 0.178699
0.993780 0.309128
0.234262 0.815084
0.473514 0.270688
0.749818 0.660513
0.299390 0.228706
0.049360 0.806541
0.962525 0.877873
0.937536 0.457032
0.197197 0.736020
0.511304 0.688955
0.695662 0.317680
0.777016 0.863080
0.145640 0.701211
0.119290 0.036441
0.091814 0.316425
0.827508 0.066488
0.764996 0.438801
0.078900 0.992639
0.148919 0.500578
0.919611 0.152884
0.435527 0.067737
0.761608 0.599505
0.721195 0.966189
0.951290 0.675913
0.201236 0.893022
0.397021 0.986627
0.050131 0.637094
0.083993 0.624290
0.470278 0.006907
0.367460 0.623323
0.580059 0.085352
0.980169 0.725368
0.193606 0.314545
0.949721 0.140393
0.666525 0.174391
0.966187 0.472383
0.066648 0.111877
0.367004 0.517282
0.568007 0.256735
0.921895 0.380852
0.228705 0.871317
0.403668 0.015121
0.486162 0.905051
0.492093 0.714937
0.398944 0.170224
0.364117 0.298034
0.799679 0.291059
0.795960 0.777150
0.864125 0.901827
0.256539 0.533733
0.386774 0.494961
0.567602 0.867292
0.409673 0.399691
0.742599 0.729911
0.894788 0.806211
0.959652 0.911740
0.709633 0.615602
0.557114 0.952388
0.629081 0.297621
0.562841 0.538923
0.769403 0.631400
0.786102 0.113661
0.952604 0.623580
0.759913 0.128096
0.251353 0.741210
0.650808 0.276402
0.284055 0.732729
0.200542 0.949449
0.052090 0.972428
0.693178 0.778102
0.769686 0.720724
0.762631 0.757257
0.504416 0.253000
0.387676 0.837254
0.857529 0.053741
0.760985 0.838301
0.741706 0.496368
0.895100 0.856181
0.903091 0.643795
0.349644 0.838492
0.988201 0.855426
0.270559 0.209046
0.986319 0.058039
0.381967 0.647347
0.597797 0.973825
0.697846 0.859859
0.864440 0.135868
0.315708 0.727244
0.312181 0.676158
0.592052 0.426743
0.098414 0.484854
0.604918 0.581347
0.528302 0.311629
0.161509 0.107824
0.225462 0.024197
0.697457 0.521049
0.189453 0.819312
0.569063 0.983368
0.852916 0.845771
0.394520 0.065194
0.880774 0.283058
0.423421 0.831467
0.624063 0.363654
0.230160 0.979802
0.076996 0.177274
0.486998 0.193364
0.106708 0.899508
0.355825 0.124990
0.488148 0.138386
0.512737 0.286615
0.058401 0.309625
0.076472 0.809404
0.712015 0.728485
0.583704 0.025765
0.873651 0.409212
0.591350 0.544146
0.818201 0.239920
0.971137 0.567358
0.904670 0.403786
0.222193 0.745358
0.891458 0.528544
0.698323 0.475958
0.983289 0.615125
0.292007 0.969419
0.136128 0.645148
0.430802 0.423829
0.228720 0.633091
0.446949 0.741615
0.903962 0.231877
0.686391 0.551136
0.697071 0.079404
0.172984 0.919136
0.590761 0.741740
0.082797 0.560980
0.541297 0.615232
0.685442 0.817848
0.111362 0.350285
0.224544 0.436076
0.897746 0.040407
0.440264 0.024149
0.295060 0.934525
0.600163 0.461522
0.193966 0.344139
0.883838 0.619042
0.078652 0.343754
0.587828 0.511774
0.567038 0.227341
0.126425 0.067870
0.458316 0.201074
0.633848 0.081577
0.727597 0.247851
0.268166 0.044443
0.205783 0.415343
0.639686 0.844685
0.408673 0.559389
0.956988 0.368670
0.678351 0.744617
0.310395 0.173411
0.314616 0.429241
0.289400 0.004871
0.649589 0.147274
0.449450 0.713134
0.426906 0.356251
0.529778 0.383576
0.797275 0.607655
0.989807 0.220522
0.558577 0.596295
0.114767 0.743782
0.718293 0.212020
0.794991 0.426748
0.733579 0.535739
0.700896 0.439680
0.351326 0.263366
0.004294 0.981547
0.195137 0.627742
0.406571 0.739721
0.413125 0.510631
0.756238 0.690913
0.877664 0.827803
0.252810 0.356895
0.280573 0.405646
0.064952 0.891189
0.574760 0.056129
0.607234 0.324696
0.427735 0.795212
0.807159 0.562500
0.832757 0.514178
0.522332 0.961504
0.484586 0.295461
0.761107 0.085680
0.401417 0.805157
0.965179 0.042688
0.140163 0.303367
0.763990 0.790137
0.230358 0.170310
0.154522 0.814131
0.598392 0.608919
0.882704 0.715990
0.139451 0.900869
0.784533 0.580041
0.052979 0.396207
0.541056 0.567424
0.316183 0.992279
0.289444 0.844985
0.414886 0.043942
0.045582 0.705054
0.970655 0.832347
0.591402 0.207513
0.945272 0.848351
0.417944 0.090890
0.297389 0.874301
0.929800 0.902462
0.713312 0.755832
0.200291 0.112915
0.029798 0.320789
0.828262 0.585241
0.118058 0.715528
0.936415 0.332699
0.341757 0.556128
0.534983 0.430370
0.568232 0.372286
0.548068 0.408662
0.781324 0.666663
0.729589 0.081259
0.750922 0.878936
0.791313 0.520605
0.716127 0.502877
0.997963 0.020445
0.567301 0.113966
0.978051 0.405368
0.266707 0.458818
0.677152 0.711976
0.416838 0.713758
0.564223 0.770485
0.859741 0.636894
0.877148 0.165592
0.578038 0.628478
0.546367 0.048857
0.254945 0.230704
0.862550 0.533148
0.067635 0.844060
0.084835 0.762792
0.659926 0.630102
0.149108 0.783117
0.428183 0.965730
0.546485 0.354897
0.719096 0.052309
0.161680 0.528531
0.458667 0.780187
0.314918 0.345717
0.458560 0.877067
0.863544 0.935008
0.385660 0.697998
0.670284 0.849347
0.368111 0.435076
0.346660 0.947351
0.189099 0.599618
0.761712 0.247774
0.150332 0.862508
0.676053 0.249258
0.648260 0.722578
0.824006 0.966849
0.452318 0.815603
0.133344 0.998443
0.761453 0.520551
0.444792 0.449911
0.320953 0.901701
0.746855 0.814389
0.714499 0.939012
0.929619 0.062456
0.008118 0.339848
0.313438 0.700726
0.816840 0.536611
0.904343 0.205538
0.527889 0.784388
0.992626 0.587986
0.838481 0.917911
0.083091 0.733341
0.020995 0.291435
0.159032 0.201374
0.156124 0.139297
0.650945 0.212551
0.277012 0.373399
0.936030 0.200370
0.785903 0.345946
0.747415 0.568262
0.502200 0.054917
0.009811 0.740491
0.852398 0.603511
0.933555 0.647075
0.174533 0.175220
0.241578 0.328094
0.589009 0.778797
0.895199 0.918344
0.675515 0.137963
0.952789 0.809107
0.257134 0.257926
0.023661 0.399135
0.904942 0.982876
0.555535 0.696758
0.861323 0.328114
0.969656 0.197701
0.954951 0.502064
0.440895 0.177359
0.760560 0.374534
0.674565 0.421433
0.739704 0.624532
0.684040 0.347785
0.794221 0.085912
0.341671 0.734986
0.291249 0.785304
0.002914 0.425672
0.203198 0.201256
0.368367 0.075367
0.376863 0.407419
0.736250 0.363699
0.403137 0.916424
0.849805 0.386407
0.088139 0.873004
0.594922 0.356647
0.095083 0.687168
0.328644 0.068703
0.910851 0.946584
0.338493 0.635482
0.453259 0.093192
0.740096 0.008657
0.415562 0.859509
0.509664 0.012744
0.121506 0.774334
0.170641 0.363519
0.468353 0.475470
0.466234 0.318160
0.847455 0.675724
0.078773 0.372771
0.156121 0.277721
0.258818 0.959257
0.871552 0.208323
0.459475 0.977334
0.731308 0.852060
0.054369 0.571947
0.642845 0.540512
0.033507 0.366893
0.241020 0.051249
0.144058 0.029262
0.330084 0.229146
0.055189 0.607107
0.670997 0.881008
0.689877 0.107315
0.035037 0.835736
0.629168 0.400626
0.397751 0.884003
0.208046 0.920170
0.592996 0.945921
0.131168 0.261543
0.129537 0.131603
0.836132 0.877943
0.712869 0.828669
0.720947 0.650731
0.612127 0.031322
0.852902 0.963891
0.307144 0.372547
0.714760 0.883441
0.188018 0.457595
0.187299 0.545029
0.824074 0.423976
0.005820 0.161796
0.320964 0.829765
0.131080 0.540278
0.714391 0.559299
0.928136 0.871814
0.463463 0.642388
0.455404 0.411224
0.179890 0.787714
0.055058 0.673137
0.084426 0.400287
0.867668 0.784107
0.844416 0.556057
0.231769 0.941577
0.796934 0.056563
0.672726 0.666316
0.306339 0.090318
0.115553 0.380652
0.337396 0.449378
0.677453 0.287398
0.975352 0.162287
0.481165 0.535109
0.877024 0.245605
0.505466 0.398422
0.549568 0.804168
0.412142 0.585680
0.847467 0.231194
0.211342 0.571153
0.263186 0.895161
0.153083 0.452410
0.991270 0.542469
0.916445 0.835251
0.518608 0.348860
0.178515 0.430117
0.432688 0.927857
0.263453 0.930202
0.220984 0.354753
0.217456 0.661594
0.307852 0.806771
0.652385 0.354290
0.736053 0.773656
0.096969 0.262709
0.696384 0.907763
0.792274 0.806601
0.898897 0.555622
0.475519 0.743530
0.826137 0.823591
0.278571 0.676809
0.947833 0.398517
0.925255 0.527004
0.287161 0.517542
0.264202 0.624362
0.568746 0.446770
0.691278 0.586647
0.970714 0.245469
0.342579 0.977830
0.536303 0.236278
0.089275 0.223846
0.078603 0.427298
0.524878 0.184455
0.799713 0.642318
0.023850 0.032158
0.172315 0.842861
0.322681 0.114502
0.148487 0.973309
0.446631 0.681593
0.099586 0.529696
0.970963 0.652130
0.040349 0.083770
0.003830 0.255811
0.120544 0.507873
0.908376 0.461601
0.113637 0.160544
0.637190 0.898664
0.153245 0.605712
0.046519 0.867126
0.078786 0.657205
0.218287 0.138953
0.319430 0.609120
0.300843 0.292884
0.622254 0.208897
0.176185 0.575389
0.068704 0.477576
0.700791 0.698802
0.013086 0.513782
0.617843 0.757748
0.517690 0.628737
0.776439 0.992449
0.683383 0.973040
0.483717 0.416316
0.742484 0.274016
0.076266 0.705949
0.422090 0.472940
0.491969 0.934752
0.432707 0.995550
0.550525 0.844651
0.350383 0.046472
0.119947 0.812611
0.633652 0.593611
0.422488 0.618812
0.024521 0.650434
0.502008 0.472726
0.508468 0.513538
0.148723 0.234005
0.650253 0.755991
0.895057 0.686276
0.268416 0.312557
0.183975 0.655743
0.097814 0.792174
0.130334 0.838928
0.256912 0.147111
0.219594 0.309119
0.190978 0.683097
0.475001 0.692480
0.110594 0.290861
0.243425 0.710618
0.699603 0.666240
0.793762 0.833354
0.155071 0.338291
0.143289 0.170996
0.620901 0.142313
0.819826 0.394907
0.845828 0.727163
0.852612 0.427711
0.878535 0.662988
0.980242 0.126414
0.166609 0.057555
0.373325 0.862395
0.339040 0.013574
0.969333 0.337706
0.459133 0.052252
0.000319 0.384211
0.881499 0.472968
0.318959 0.037254
0.293799 0.036454
0.663623 0.912677
0.295471 0.196547
0.737079 0.109324
0.226309 0.387688
0.424324 0.152824
0.728004 0.692458
0.536444 0.905774
0.214259 0.841465
0.980721 0.797197
0.114611 0.410370
0.831871 0.651146
0.238162 0.286932
0.610929 0.488506
0.397068 0.462890
0.046947 0.051875
0.166527 0.888700
0.733218 0.905798
0.442116 0.584836
0.850389 0.107672
0.962195 0.308696
0.178701 0.223378
0.663956 0.067799
0.527327 0.030409
0.086640 0.593723
0.942890 0.715407
0.903219 0.779121
0.535542 0.267499
0.019666 0.614163
0.747879 0.979194
0.463867 0.558632
0.574337 0.573755
0.817290 0.854549
0.261660 0.865619
0.170157 0.482193
0.792533 0.376277
0.868532 0.572608
0.343090 0.410372
0.858462 0.457677
0.256155 0.082415
0.213115 0.522240
0.050102 0.345758
0.320307 0.574269
0.920479 0.613321
0.774021 0.486632
0.127612 0.202978
0.332828 0.198448
0.756952 0.163812
0.102896 0.190892
0.774077 0.905640
0.663393 0.596885
0.717104 0.798776
0.853393 0.179173
0.987942 0.361102
0.013446 0.063795
0.224318 0.496092
0.572020 0.818330
0.934162 0.292608
0.160818 0.726591
0.486319 0.963680
0.981956 0.512016
0.250047 0.839351
0.369569 0.349337
0.954590 0.107019
0.227623 0.094576
0.115602 0.234329
0.292027 0.129140
0.253512 0.014066
0.365361 0.190971
0.027511 0.997050
0.536373 0.526642
0.540781 0.460646
0.824771 0.620227
0.292274 0.590797
0.360822 0.754351
0.854365 0.298059
0.594581 0.267933
0.483036 0.662200
0.189044 0.505623
0.901812 0.500275
0.192908 0.865617
0.772075 0.550061
0.451201 0.850675
0.197068 0.383066
0.304930 0.757460
0.517357 0.214832
0.202208 0.276471
0.566282 0.894670
0.388395 0.205911
0.663436 0.032062
0.856990 0.699686
0.242386 0.470680
0.469225 0.381452
0.317362 0.949888
0.514094 0.736354
