0.169966 0.305270
0.555667 0.349547
0.401987 0.305753
0.694135 0.834884
0.579449 0.509177
0.340393 0.142923
0.504328 0.113680
0.015702 0.253034
0.372190 0.461400
0.624358 0.549249
0.254940 0.297318
0.032496 0.492195
0.028391 0.284398
0.011769 0.308564
0.641139 0.747927
0.021903 0.588443
0.030615 0.221747
0.038102 0.188906
0.851667 0.142821
0.505417 0.252336
0.138412 0.354683
0.441431 0.764782
0.739576 0.066504
0.059497 0.155443
0.469893 0.936019
0.514390 0.496537
0.283570 0.189410
0.752467 0.116372
0.034415 0.333058
0.179606 0.339284
0.495800 0.648082
0.782151 0.172944
0.556243 0.523890
0.603396 0.530896
0.561441 0.453489
0.058839 0.646574
0.118498 0.044803
0.151532 0.917653
0.021418 0.357683
0.648295 0.007904
0.996769 0.336089
0.685400 0.919205
0.843238 0.036794
0.690801 0.273377
0.166759 0.480914
0.026824 0.075455
0.492439 0.427025
0.609171 0.498810
0.499805 0.282578
0.035163 0.669345
0.264934 0.532815
0.028822 0.970264
0.986489 0.913251
0.118024 0.591317
0.358625 0.430857
0.636642 0.778645
0.009398 0.889488
0.385784 0.758544
0.292514 0.376760
0.638793 0.513167
0.964301 0.337026
0.443767 0.799549
0.360580 0.927704
0.212615 0.236113
0.984945 0.367498
0.995302 0.852764
0.302482 0.033771
0.009358 0.619884
0.557157 0.949928
0.659434 0.213427
0.603840 0.784293
0.551998 0.488304
0.886270 0.984874
0.043840 0.718948
0.180100 0.808260
0.350362 0.263075
0.234999 0.263041
0.699106 0.610839
0.585130 0.128603
0.664208 0.460607
0.386109 0.070939
0.410518 0.159617
0.114634 0.463354
0.420041 0.283930
0.974929 0.942122
0.369544 0.698735
0.980379 0.826913
0.162659 0.757999
0.948680 0.842405
0.663951 0.604958
0.599992 0.992479
0.158459 0.401840
0.270155 0.275407
0.316112 0.759053
0.082605 0.050629
0.534563 0.439267
0.995918 0.231262
0.185486 0.459583
0.517013 0.550963
0.799376 0.036239
0.793535 0.985812
0.037395 0.911453
0.085106 0.986926
0.358011 0.518980
0.721849 0.128317
0.484370 0.544930
0.311820 0.354374
0.448788 0.992815
0.746317 0.685768
0.402548 0.397887
0.775090 0.552962
0.016624 0.705768
0.468937 0.338522
0.115922 0.779824
0.109553 0.809915
0.570101 0.008857
0.402032 0.703494
0.073126 0.361481
0.860510 0.854187
0.587790 0.962713
0.859516 0.008774
0.135771 0.753905
0.356015 0.601628
0.528416 0.470823
0.021141 0.522287
0.325328 0.494507
0.000688 0.958544
0.242453 0.135886
0.723042 0.306357
0.791345 0.278018
0.051532 0.995803
0.765321 0.765253
0.526143 0.414525
0.885506 0.450407
0.371565 0.038446
0.743754 0.548013
0.312703 0.179962
0.896223 0.143907
0.118127 0.516038
0.635359 0.384263
0.254781 0.196495
0.014988 0.734321
0.916010 0.930150
0.243820 0.699016
0.454768 0.730435
0.010202 0.650477
0.223312 0.740387
0.696544 0.106833
0.014964 0.386193
0.616317 0.219551
0.488873 0.987391
0.993671 0.021737
0.939321 0.954564
0.257955 0.329720
0.942622 0.815241
0.822027 0.817439
0.693200 0.666906
0.553179 0.652971
0.075073 0.915445
0.929556 0.989484
0.959153 0.388227
0.719139 0.527010
0.047401 0.850327
0.372877 0.137867
0.856893 0.971495
0.666914 0.633710
0.773450 0.440646
0.988644 0.401189
0.985703 0.985928
0.950183 0.923686
0.553989 0.077890
0.104517 0.958422
0.134877 0.569076
0.725444 0.578962
0.980461 0.884009
0.210258 0.524049
0.402143 0.045689
0.906335 0.287953
0.760387 0.987404
0.743390 0.180879
0.213270 0.924930
0.928392 0.324530
0.463836 0.967104
0.964192 0.011183
0.737748 0.635804
0.480877 0.055823
0.527178 0.200662
0.471212 0.264689
0.119411 0.880804
0.577548 0.552391
0.677218 0.014400
0.911190 0.352130
0.057652 0.686021
0.457296 0.036110
0.179476 0.047464
0.654560 0.910970
0.329221 0.935838
0.672144 0.690599
0.379581 0.245375
0.214660 0.456908
0.697902 0.807082
0.547961 0.808264
0.826893 0.058002
0.611392 0.596897
0.694203 0.216025
0.579635 0.370645
0.669387 0.572034
0.548498 0.558290
0.624835 0.920149
0.756941 0.657251
0.730204 0.760973
0.890555 0.217674
0.703775 0.863088
0.603810 0.103098
0.013004 0.045742
0.695688 0.582079
0.469159 0.759452
0.290626 0.003574
0.521720 0.354347
0.382239 0.908516
0.764559 0.712767
0.566590 0.787515
0.455937 0.693664
0.884425 0.833361
0.738065 0.786736
0.780136 0.953295
0.621422 0.078780
0.278383 0.349635
0.049856 0.050817
0.651985 0.543868
0.687713 0.983847
0.598176 0.571037
0.859668 0.441794
0.351397 0.231334
0.997540 0.078763
0.328169 0.653666
0.689881 0.041429
0.840232 0.177537
0.082092 0.464307
0.253415 0.876103
0.344010 0.111757
0.667171 0.389726
0.508364 0.853919
0.134754 0.843428
0.013530 0.555328
0.301640 0.944365
0.013967 0.931464
0.791288 0.886733
0.759371 0.310892
0.493924 0.824413
0.206980 0.054620
0.981068 0.462154
0.609122 0.375508
0.085294 0.659267
0.005091 0.760465
0.186196 0.712390
0.300072 0.973491
0.216738 0.197501
0.959434 0.975060
0.205153 0.366146
0.527882 0.601750
0.834517 0.545928
0.635963 0.684381
0.149186 0.147574
0.333476 0.284363
0.235970 0.036472
0.046090 0.256699
0.852084 0.205037
0.232590 0.434947
0.357641 0.310573
0.684064 0.298298
0.895851 0.864954
0.875821 0.120404
0.325274 0.414907
0.065282 0.335708
0.677605 0.081830
0.782187 0.357032
0.101952 0.017792
0.608996 0.047329
0.405299 0.435688
0.718419 0.912806
0.294386 0.718293
0.978436 0.629128
0.289414 0.108679
0.138842 0.480039
0.188437 0.898170
0.091340 0.687553
0.539922 0.841256
0.416512 0.849619
0.533169 0.990630
0.517894 0.140383
0.952455 0.234187
0.945968 0.356084
0.901953 0.425797
0.725605 0.943984
0.150502 0.040085
0.486814 0.148542
0.953573 0.649907
0.003215 0.162017
0.474009 0.614827
0.144327 0.327330
0.477393 0.876504
0.789714 0.241118
0.333441 0.580927
0.408084 0.921000
0.754333 0.338242
0.721642 0.204344
0.290838 0.475385
0.415482 0.493011
0.387759 0.727654
0.476501 0.207742
0.132392 0.441720
0.041790 0.556639
0.478171 0.304792
0.872540 0.920818
0.853071 0.380668
0.186720 0.210258
0.501286 0.614285
0.098297 0.372428
0.226745 0.351508
0.443439 0.668623
0.252293 0.061963
0.772616 0.622341
0.916125 0.792727
0.788972 0.470989
0.118481 0.619322
0.976646 0.764477
0.578178 0.597911
0.221836 0.293053
0.235594 0.986834
0.014626 0.998624
0.853876 0.821219
0.476676 0.016193
0.060001 0.221187
0.000368 0.494335
0.089256 0.593617
0.397491 0.946552
0.721466 0.160547
0.483867 0.480479
0.372461 0.102776
0.804358 0.380937
0.899549 0.617375
0.959135 0.602512
0.067945 0.501718
0.817846 0.938941
0.359268 0.741113
0.497626 0.329691
0.048690 0.753623
0.271689 0.085891
0.180477 0.566237
0.816724 0.263715
0.816750 0.013505
0.178239 0.152464
0.215523 0.710268
0.106459 0.851222
0.088500 0.095607
0.214269 0.882890
0.166527 0.991912
0.779736 0.686286
0.720590 0.668786
0.937524 0.622120
0.838126 0.426174
0.007334 0.199239
0.187043 0.245862
0.048136 0.377980
0.399786 0.358869
0.115011 0.913250
0.214057 0.770669
0.925773 0.227827
0.356459 0.395623
0.752225 0.930325
0.688294 0.482804
0.173211 0.076889
0.550400 0.760062
0.728897 0.095886
0.862706 0.774816
0.745070 0.017838
0.726033 0.708436
0.976729 0.700859
0.911774 0.825213
0.374379 0.372036
0.711335 0.012991
0.698082 0.180389
0.793791 0.097131
0.738660 0.444645
0.915157 0.754713
0.086178 0.821718
0.960337 0.281140
0.837199 0.719551
0.242016 0.775552
0.087041 0.527010
0.509665 0.714355
0.522594 0.387933
0.762662 0.904890
0.202176 0.991756
0.063176 0.791003
0.054036 0.819477
0.358351 0.790762
0.147898 0.510937
0.204461 0.592609
0.322982 0.008792
0.324652 0.061478
0.417438 0.784933
0.579326 0.755419
0.410992 0.987462
0.808201 0.704912
0.000442 0.798019
0.700380 0.777961
0.926188 0.412852
0.875938 0.283520
0.582289 0.331943
0.230520 0.581572
0.922057 0.594147
0.220431 0.645685
0.565776 0.623717
0.838708 0.326080
0.052738 0.305140
0.210029 0.405922
0.904947 0.008759
0.100506 0.492188
0.529342 0.733673
0.152370 0.892300
0.949566 0.480042
0.322520 0.521881
0.431561 0.421268
0.508017 0.785260
0.429955 0.963582
0.815666 0.966991
0.190689 0.426935
0.330276 0.381697
0.907208 0.042706
0.068758 0.278056
0.743275 0.415167
0.698664 0.706320
0.041359 0.445235
0.896966 0.391128
0.822063 0.230641
0.979114 0.731175
0.606009 0.840433
0.153220 0.686357
0.971405 0.210693
0.547151 0.151045
0.652321 0.155531
0.295627 0.870121
0.909079 0.962513
0.341401 0.627713
0.768451 0.495707
0.128855 0.941687
0.185301 0.865481
0.454229 0.546914
0.249215 0.369863
0.388121 0.614538
0.102921 0.252900
0.053007 0.601233
0.540344 0.022584
0.951373 0.519109
0.526080 0.093672
0.116968 0.987909
0.921018 0.199016
0.082035 0.624085
0.598715 0.273587
0.123023 0.675286
0.268088 0.637168
0.295516 0.068961
0.756941 0.841195
0.333983 0.336825
0.430264 0.182933
0.798726 0.522984
0.312101 0.258447
0.541788 0.906912
0.713814 0.259564
0.382393 0.169323
0.062612 0.965611
0.987770 0.528177
0.585096 0.475622
0.242150 0.811019
0.764668 0.084531
0.159173 0.721266
0.257582 0.238957
0.482559 0.675727
0.276352 0.894238
0.639463 0.288711
0.238841 0.507302
0.443065 0.874953
0.550241 0.051179
0.692608 0.889750
0.763139 0.807558
0.916817 0.457575
0.095140 0.210538
0.153132 0.865386
0.608251 0.344460
0.994253 0.278976
0.132614 0.412436
0.150708 0.655141
0.143387 0.975358
0.826122 0.084332
0.320724 0.230360
0.214019 0.487487
0.979959 0.665370
0.299350 0.633506
0.106023 0.071635
0.471825 0.849444
0.031611 0.875881
0.939391 0.300733
0.878621 0.738852
0.047171 0.940179
0.557333 0.184173
0.400803 0.127628
0.454873 0.075951
0.266212 0.162923
0.182384 0.678864
0.171416 0.835520
0.290773 0.546362
0.177259 0.532583
0.613362 0.193158
0.405608 0.099467
0.399692 0.262646
0.268996 0.953523
0.518433 0.881754
0.923910 0.860365
0.140203 0.072824
0.588409 0.404157
0.655075 0.414681
0.342660 0.769531
0.753938 0.149512
0.107574 0.710683
0.289824 0.217579
0.268418 0.799257
0.879703 0.028514
0.993563 0.136141
0.701760 0.453896
0.572938 0.833089
0.069304 0.190915
0.881662 0.949164
0.918039 0.066704
0.038402 0.626612
0.571329 0.100454
0.052195 0.527640
0.957388 0.574720
0.701868 0.953926
0.373881 0.577738
0.704686 0.551286
0.640310 0.346786
0.862447 0.083286
0.972598 0.498512
0.806497 0.550789
0.484225 0.088367
0.737136 0.608689
0.793829 0.803041
0.506970 0.577764
0.341665 0.817540
0.492801 0.515964
0.055014 0.472616
0.036099 0.022945
0.959301 0.127386
0.284116 0.601404
0.432854 0.458308
0.085644 0.776761
0.626915 0.977566
0.639967 0.183629
0.576577 0.155386
0.945969 0.895606
0.927775 0.380710
0.530113 0.632339
0.526199 0.664583
0.808646 0.344011
0.951254 0.548349
0.298079 0.407095
0.670822 0.183739
0.680086 0.241535
0.920053 0.566014
0.656848 0.977448
0.494957 0.746765
0.201012 0.276237
0.942343 0.078944
0.917956 0.693572
0.747087 0.964820
0.197535 0.094526
0.613944 0.015837
0.567731 0.252012
0.276237 0.847400
0.657641 0.314587
0.210503 0.676929
0.132984 0.716055
0.664825 0.793021
0.465523 0.370087
0.720992 0.476842
0.415688 0.679009
0.240701 0.666396
0.014094 0.464468
0.870421 0.512403
0.276294 0.696202
0.796350 0.151274
0.679030 0.735946
0.638490 0.579250
0.431414 0.135475
0.351780 0.958023
0.686521 0.509823
0.426658 0.611280
0.759647 0.250557
0.400426 0.465878
0.237444 0.904751
0.946200 0.450607
0.161168 0.439781
0.405507 0.197434
0.664234 0.879148
0.788075 0.318942
0.980497 0.431370
0.301295 0.666865
0.127893 0.380540
0.063623 0.574623
0.504700 0.218098
0.981355 0.181485
0.386987 0.850091
0.534391 0.936900
0.156153 0.586994
0.402504 0.878687
0.445661 0.109277
0.823111 0.150098
0.102574 0.407014
0.876195 0.683311
0.175023 0.607642
0.266641 0.451744
0.337452 0.446088
0.729768 0.886089
0.361873 0.194175
0.253961 0.727362
0.076620 0.853180
0.816715 0.117670
0.314908 0.693307
0.156587 0.102079
0.182806 0.122437
0.424793 0.081538
0.642181 0.235805
0.233685 0.170212
0.562641 0.980515
0.947060 0.187696
0.845693 0.621930
0.673652 0.948248
0.408058 0.558592
0.880560 0.801348
0.878315 0.249855
0.562704 0.726509
0.501968 0.453936
0.510908 0.041176
0.986203 0.559700
0.404140 0.644133
0.472692 0.237810
0.184381 0.928918
0.907211 0.112956
0.596148 0.174014
0.818819 0.769032
0.605089 0.872164
0.657873 0.716269
0.188399 0.962805
0.249683 0.838468
0.730198 0.814140
0.561317 0.308307
0.753432 0.221211
0.826795 0.874145
0.813209 0.614865
0.451791 0.396800
0.284113 0.248246
0.525205 0.767792
0.780306 0.596689
0.953003 0.421162
0.085774 0.939033
0.949012 0.749530
0.508247 0.012132
0.812572 0.304722
0.464551 0.459127
0.848011 0.749287
0.355655 0.010865
0.609492 0.946553
0.336760 0.903924
0.189880 0.178769
0.795527 0.210944
0.170712 0.272598
0.265365 0.423093
0.787509 0.645783
0.365862 0.885054
0.546490 0.697461
0.726434 0.237032
0.913195 0.169452
0.116733 0.103142
0.923854 0.727314
0.880704 0.648248
0.090435 0.887364
0.917130 0.895136
0.550364 0.586664
0.453639 0.595812
0.416890 0.747337
0.882472 0.366120
0.894252 0.714174
0.546801 0.872565
0.593431 0.237625
0.246209 0.101232
0.112055 0.142028
0.790099 0.773643
0.729934 0.503159
0.157064 0.202328
0.136601 0.013576
0.288363 0.744905
0.658016 0.265853
0.894415 0.484898
0.521362 0.303534
0.967906 0.088246
0.577996 0.207163
0.571946 0.896920
0.085485 0.311527
0.115794 0.310080
0.083946 0.133476
0.935655 0.021151
0.291538 0.818448
0.496245 0.368437
0.084565 0.556355
0.520201 0.814762
0.780084 0.126172
0.971602 0.796954
0.312495 0.127018
0.755001 0.579986
0.978936 0.051293
0.382047 0.214939
0.321887 0.551517
0.126663 0.236738
0.237471 0.221051
0.298441 0.289384
0.415183 0.228979
0.935193 0.109391
0.351846 0.550961
0.755911 0.874301
0.868513 0.311677
0.301333 0.154246
0.870835 0.613867
0.653776 0.111692
0.495130 0.951686
0.321471 0.092335
0.676877 0.534381
0.660202 0.820302
0.266929 0.922850
0.847263 0.940935
0.405182 0.524807
0.383350 0.668649
0.599808 0.628397
0.088993 0.169135
0.728488 0.845908
0.885253 0.190116
0.383440 0.329985
0.634643 0.844510
0.603803 0.902407
0.519047 0.967220
0.827140 0.460490
0.261925 0.757197
0.905291 0.251807
0.836783 0.791386
0.149242 0.788977
0.574986 0.863076
0.255840 0.012466
0.158796 0.233868
0.591066 0.809822
0.342354 0.706077
0.490801 0.178932
0.077188 0.242973
0.578942 0.035778
0.894325 0.085883
0.692677 0.146660
0.237651 0.621464
0.634342 0.881223
0.826393 0.847228
0.381605 0.416409
0.178793 0.017339
0.383504 0.967133
0.237388 0.543400
0.533010 0.242250
0.077007 0.745548
0.245765 0.471370
0.804874 0.671686
0.835155 0.681463
0.026602 0.806626
0.617517 0.412940
0.633634 0.616743
0.234228 0.399064
0.184449 0.390451
0.292427 0.510475
0.038523 0.128743
0.147820 0.177050
0.836394 0.486213
0.380826 0.544118
0.865347 0.881804
0.604712 0.658674
0.355218 0.074305
0.315828 0.607488
0.761855 0.521718
0.711477 0.327991
0.271877 0.132396
0.004060 0.683239
0.433338 0.638989
0.615680 0.446934
0.202047 0.622808
0.891901 0.902983
0.266707 0.496277
0.566800 0.281656
0.617361 0.149934
0.375799 0.819251
0.753284 0.470594
0.167489 0.365809
0.721703 0.986363
0.433502 0.527700
0.599445 0.302467
0.189754 0.744797
0.789372 0.924051
0.976085 0.309530
0.218768 0.961039
0.892751 0.770568
0.946179 0.678319
0.626925 0.124168
0.989748 0.110126
0.666275 0.360661
0.791282 0.065701
0.712313 0.421456
0.320655 0.312542
0.228447 0.322671
0.654453 0.490197
0.186029 0.780416
0.830150 0.585485
0.922795 0.530946
0.424431 0.380567
0.637343 0.038739
0.844127 0.904703
0.349878 0.671843
0.764718 0.045364
0.450869 0.283255
0.848330 0.262756
0.665187 0.850843
0.535260 0.274902
0.457854 0.184078
0.071277 0.020937
0.346334 0.169024
0.297972 0.440919
0.029913 0.157464
0.266026 0.394460
0.815518 0.905475
0.463535 0.510617
0.060946 0.886223
0.535419 0.327149
0.625195 0.316898
0.588067 0.069510
0.300966 0.912723
0.661138 0.661838
0.214303 0.805917
0.626985 0.810660
0.552203 0.383498
0.704234 0.637313
0.444752 0.489497
0.322846 0.881871
0.312586 0.837986
0.645091 0.440055
0.340281 0.039160
0.071846 0.399118
0.329569 0.202227
0.010280 0.432619
0.855624 0.580663
0.931943 0.265668
0.073801 0.716121
0.388744 0.787910
0.562622 0.416516
0.317623 0.797300
0.062504 0.427117
0.160552 0.949610
0.891289 0.553382
0.270203 0.667080
0.435235 0.252035
0.140982 0.815672
0.256621 0.601874
0.816337 0.192129
0.208402 0.556051
0.404869 0.590094
0.647376 0.082763
0.116982 0.175062
0.409990 0.817212
0.186483 0.502802
0.123719 0.207479
0.702787 0.358993
0.660795 0.051616
0.427782 0.899209
0.419352 0.331876
0.018718 0.837882
0.430489 0.050738
0.853836 0.231834
0.727259 0.387794
0.213518 0.019063
0.460485 0.907351
0.597923 0.723947
0.839005 0.291884
0.973539 0.254261
0.032439 0.410062
0.197768 0.317878
0.708762 0.740983
0.514310 0.687563
0.288980 0.319213
0.683972 0.428181
0.107352 0.744985
0.628191 0.717578
0.455051 0.152455
0.205310 0.835988
0.480581 0.713310
0.217590 0.118806
0.897735 0.321349
0.950637 0.046493
0.806109 0.496810
0.210331 0.151326
0.444717 0.312982
0.871422 0.166146
0.734249 0.356639
0.058894 0.079435
0.384391 0.500066
0.297116 0.575174
0.486304 0.399079
0.224472 0.078430
0.492307 0.901031
0.589008 0.440432
0.440856 0.839004
0.463632 0.643358
0.106439 0.340602
0.397478 0.014259
0.369658 0.639621
0.870760 0.407812
0.101835 0.281328
0.862928 0.546600
0.930803 0.144965
0.355091 0.485916
0.671415 0.131439
0.734328 0.281270
0.575566 0.663881
0.847392 0.109457
0.479677 0.788161
0.834030 0.358671
0.114527 0.645916
0.360344 0.853052
0.476282 0.575830
0.905412 0.668314
0.528334 0.524144
0.860599 0.706347
0.320849 0.465662
0.838994 0.515550
0.437269 0.934264
0.093740 0.435703
0.521585 0.172409
0.609683 0.753546
0.672196 0.763851
0.330423 0.978494
0.259912 0.568530
0.552208 0.222006
0.265582 0.982421
0.872089 0.057888
0.546257 0.119699
0.801426 0.580045
0.944364 0.781168
0.821199 0.644500
0.439300 0.352128
0.812426 0.738819
0.680612 0.333216
0.472948 0.120040
0.149977 0.624388
0.791161 0.833030
0.632467 0.648711
0.959771 0.866802
0.460505 0.429460
0.886691 0.583998
0.140547 0.292779
0.852056 0.656406
0.623181 0.259654
0.464305 0.817285
0.605131 0.690150
0.834644 0.991090
0.575723 0.697018
0.704730 0.071182
0.787793 0.859516
0.579144 0.926344
0.375050 0.286324
0.226107 0.856660
0.514363 0.067631
0.777304 0.013336
0.746335 0.735909
0.960595 0.158924
0.369441 0.989923
0.990387 0.593651
0.897878 0.520170
0.431045 0.016568
0.829113 0.399679
0.770801 0.404620
0.864806 0.477741
0.761169 0.377556
0.918817 0.644419
0.024290 0.106526
0.805855 0.441921
0.031682 0.775818
0.923552 0.493427
0.435040 0.571862
0.723666 0.042285
0.798300 0.413009
0.063255 0.109952
0.784310 0.734441
0.290885 0.780066
0.355537 0.350904
0.335063 0.853655
0.181949 0.646348
0.273499 0.039631
0.328291 0.730909
0.948972 0.712047
0.137201 0.123021
0.764045 0.280677
0.509071 0.921556
0.867910 0.343020
0.240648 0.941994
0.696072 0.390183
0.139339 0.264376
0.624843 0.473923
0.768358 0.197865
0.444360 0.218238
0.149703 0.543026
0.430165 0.715923
0.114335 0.548968
0.644129 0.945135
