0.027437 0.399654
0.493202 0.308596
0.311497 0.957177
0.443023 0.394165
0.008166 0.369509
0.208483 0.255935
0.030094 0.332214
0.709570 0.431664
0.478741 0.820602
0.122274 0.859241
0.469831 0.282417
0.545172 0.977014
0.970828 0.343541
0.755692 0.471243
0.311088 0.346030
0.546800 0.246588
0.216304 0.011204
0.672735 0.521961
0.297607 0.057915
0.997304 0.912310
0.051227 0.999807
0.711409 0.275394
0.319841 0.619202
0.780035 0.728043
0.355030 0.091142
0.276679 0.453684
0.943892 0.496862
0.773813 0.576925
0.609573 0.463097
0.447474 0.895420
0.147654 0.883962
0.304513 0.028276
0.803720 0.678134
0.011978 0.822062
0.477258 0.988805
0.533873 0.897747
0.220510 0.427403
0.018772 0.078162
0.056463 0.683974
0.411492 0.259758
0.438673 0.331907
0.927624 0.791709
0.385101 0.933838
0.235385 0.339555
0.909538 0.129709
0.870455 0.754929
0.473388 0.082747
0.025409 0.277191
0.564554 0.513568
0.685262 0.084069
0.739610 0.407833
0.181986 0.903850
0.214033 0.515839
0.541016 0.031265
0.810719 0.971357
0.618160 0.144622
0.062684 0.716805
0.567265 0.732551
0.118296 0.751148
0.640288 0.751037
0.207262 0.575641
0.583833 0.864822
0.648406 0.607881
0.910772 0.009121
0.900520 0.816298
0.074934 0.270218
0.879624 0.078553
0.033196 0.972350
0.141088 0.471129
0.538546 0.602133
0.509123 0.763479
0.037233 0.370360
0.195974 0.750759
0.014651 0.851980
0.845469 0.961271
0.333498 0.438957
0.328418 0.007761
0.292000 0.629032
0.877885 0.551941
0.866095 0.580495
0.619629 0.178552
0.661800 0.996105
0.579026 0.212400
0.177780 0.872638
0.979287 0.849056
0.333575 0.246959
0.714119 0.928340
0.064117 0.797266
0.242944 0.110770
0.464795 0.123593
0.922223 0.324985
0.160444 0.984198
0.525914 0.530155
0.654902 0.385564
0.009553 0.724537
0.824707 0.225513
0.011286 0.448273
0.098742 0.420657
0.369488 0.200525
0.331740 0.055026
0.479406 0.547518
0.702264 0.578906
0.129684 0.303322
0.655250 0.138532
0.589384 0.782454
0.198498 0.196552
0.721016 0.476838
0.420989 0.074302
0.844048 0.549892
0.302925 0.442702
0.104007 0.606215
0.995900 0.214288
0.541518 0.824874
0.019319 0.504280
0.059134 0.765854
0.902217 0.668046
0.205282 0.543604
0.704576 0.137076
0.068227 0.375736
0.495565 0.849967
0.547451 0.119832
0.398543 0.015150
0.167852 0.735579
0.613346 0.418069
0.703008 0.824209
0.581757 0.064871
0.302110 0.795576
0.302433 0.989926
0.490395 0.661690
0.691332 0.494412
0.690227 0.886081
0.851914 0.778703
0.049247 0.256377
0.522032 0.628236
0.199612 0.373566
0.871418 0.350655
0.424637 0.609641
0.805620 0.359091
0.765476 0.225729
0.399298 0.686375
0.054888 0.342278
0.683040 0.797052
0.763012 0.390001
0.375160 0.766352
0.888513 0.736099
0.950169 0.311541
0.845117 0.934331
0.812441 0.836097
0.425828 0.366373
0.427429 0.537692
0.508499 0.562739
0.624904 0.918129
0.267604 0.242343
0.050809 0.297919
0.284823 0.910468
0.367960 0.679176
0.868631 0.407658
0.840130 0.845589
0.471025 0.501937
0.500807 0.963705
0.993468 0.051959
0.225817 0.489763
0.608880 0.357483
0.213295 0.918620
0.665799 0.766781
0.692560 0.849910
0.453954 0.735276
0.553750 0.006212
0.012150 0.031972
0.895224 0.526374
0.785925 0.420299
0.558330 0.176928
0.139170 0.651029
0.637389 0.860980
0.390359 0.825873
0.695886 0.994292
0.796260 0.814094
0.913105 0.857696
0.245022 0.020144
0.895529 0.463640
0.276688 0.696425
0.088080 0.934097
0.920390 0.532915
0.900593 0.055422
0.782808 0.294127
0.551773 0.337530
0.949458 0.283636
0.827561 0.992615
0.608754 0.840443
0.749000 0.193056
0.200089 0.939777
0.536263 0.368045
0.041489 0.533279
0.749825 0.873758
0.607266 0.046109
0.636167 0.683206
0.434490 0.636135
0.324489 0.773750
0.252816 0.428123
0.496637 0.525695
0.478024 0.901865
0.839450 0.354414
0.804280 0.755701
0.782147 0.956587
0.947959 0.173861
0.978944 0.446031
0.828321 0.137551
0.178010 0.511746
0.631937 0.251327
0.024170 0.759338
0.028420 0.942156
0.646197 0.074842
0.300526 0.382136
0.287175 0.938494
0.000405 0.682933
0.880320 0.953622
0.640188 0.831214
0.516846 0.991802
0.667701 0.864038
0.365139 0.987938
0.793990 0.045757
0.413296 0.952145
0.688733 0.547048
0.697464 0.960279
0.320402 0.922809
0.115419 0.820694
0.761508 0.166088
0.888712 0.927702
0.955037 0.050829
0.994633 0.476110
0.333611 0.151772
0.510573 0.796952
0.138173 0.235221
0.783751 0.990453
0.462523 0.449092
0.438500 0.938861
0.689497 0.215274
0.047576 0.613297
0.508137 0.076921
0.539560 0.277580
0.583317 0.924829
0.873880 0.206250
0.180591 0.962132
0.087956 0.692536
0.354250 0.915504
0.824842 0.025477
0.728963 0.812818
0.107063 0.641022
0.400290 0.748347
0.334988 0.739394
0.210503 0.094972
0.429610 0.834187
0.919810 0.592596
0.231102 0.737866
0.623598 0.384289
0.959663 0.993638
0.159014 0.031223
0.620049 0.615170
0.487642 0.257254
0.341054 0.887331
0.367971 0.583311
0.966433 0.623181
0.996454 0.097249
0.241124 0.051456
0.929102 0.070895
0.948380 0.020746
0.709200 0.245283
0.344638 0.600616
0.078513 0.491496
0.455114 0.155684
0.391270 0.908373
0.852859 0.726758
0.273984 0.117345
0.559134 0.146779
0.563929 0.893202
0.612830 0.878600
0.757648 0.006190
0.103394 0.959827
0.562555 0.377820
0.228899 0.691609
0.204771 0.404181
0.580872 0.351770
0.912429 0.959786
0.076556 0.238071
0.174749 0.408755
0.348017 0.310803
0.000380 0.946379
0.765226 0.133980
0.419454 0.461971
0.362686 0.462467
0.734366 0.446727
0.525560 0.313856
0.283181 0.350046
0.846710 0.176138
0.053654 0.840372
0.797088 0.247971
0.381291 0.161069
0.392413 0.621581
0.301464 0.267193
0.876843 0.795841
0.441039 0.270345
0.602956 0.257933
0.807353 0.474138
0.859224 0.909913
0.750561 0.600230
0.617949 0.769750
0.430729 0.194571
0.292796 0.718172
0.447792 0.098553
0.043176 0.095820
0.605077 0.316564
0.627457 0.335938
0.781533 0.880420
0.555336 0.300253
0.664738 0.908789
0.992003 0.282304
0.881291 0.023195
0.237789 0.305408
0.692274 0.304521
0.041229 0.816002
0.368596 0.355136
0.235672 0.765944
0.945963 0.207129
0.803401 0.596622
0.852405 0.015792
0.716352 0.784794
0.716972 0.548990
0.728591 0.658850
0.398790 0.591566
0.534822 0.403694
0.330720 0.369087
0.971828 0.921631
0.441633 0.237867
0.144208 0.549267
0.754618 0.969861
0.718936 0.203646
0.406925 0.782083
0.129118 0.784120
0.605971 0.552732
0.606290 0.584571
0.802851 0.073254
0.046316 0.149681
0.336463 0.977940
0.975433 0.073057
0.304390 0.475653
0.878653 0.438387
0.773679 0.927533
0.306001 0.742857
0.068192 0.436487
0.806757 0.541565
0.717606 0.896870
0.180825 0.348826
0.794985 0.217054
0.631563 0.539599
0.152867 0.800897
0.816402 0.440859
0.686688 0.611676
0.296873 0.413948
0.813761 0.870579
0.930998 0.234833
0.389013 0.085281
0.392244 0.463487
0.224368 0.628199
0.948504 0.903306
0.426988 0.690121
0.474505 0.329225
0.573735 0.243472
0.126160 0.701930
0.497430 0.409260
0.760372 0.432888
0.005711 0.418878
0.461945 0.765465
0.641062 0.291285
0.959439 0.472137
0.811863 0.276017
0.698757 0.025473
0.461691 0.207911
0.856148 0.144365
0.144782 0.362936
0.607694 0.659492
0.250680 0.172174
0.746747 0.500232
0.781376 0.851890
0.115065 0.277492
0.101486 0.115910
0.261337 0.331494
0.822552 0.650616
0.916355 0.195365
0.865005 0.872248
0.629868 0.723791
0.628227 0.009254
0.143737 0.263019
0.316092 0.861130
0.331219 0.528958
0.277390 0.851041
0.607967 0.226512
0.113177 0.366183
0.279414 0.177791
0.144552 0.505882
0.245135 0.868442
0.457710 0.702766
0.572948 0.576634
0.659058 0.555027
0.443268 0.586601
0.417278 0.565073
0.181738 0.011491
0.733480 0.628475
0.591716 0.813105
0.518500 0.432492
0.090090 0.294698
0.016029 0.307344
0.952610 0.811289
0.417325 0.106071
0.940009 0.125130
0.052258 0.654129
0.311418 0.293189
0.073794 0.631089
0.175157 0.258470
0.954645 0.952224
0.787011 0.648218
0.139791 0.832489
0.481398 0.788116
0.931426 0.559270
0.254246 0.580914
0.599036 0.519151
0.381642 0.652867
0.992413 0.168304
0.363614 0.737558
0.711364 0.513541
0.814277 0.403081
0.000607 0.569646
0.721854 0.598178
0.463523 0.612706
0.961412 0.419559
0.569962 0.409477
0.470205 0.238007
0.897367 0.339005
0.578050 0.986583
0.811140 0.939652
0.866935 0.518639
0.070702 0.101334
0.773813 0.353321
0.364224 0.286240
0.074701 0.319028
0.160593 0.850271
0.022254 0.665331
0.163329 0.321702
0.594043 0.620840
0.979840 0.731894
0.141946 0.417593
0.834100 0.257242
0.628272 0.118205
0.517220 0.130634
0.883753 0.103765
0.030644 0.700562
0.947756 0.590601
0.228964 0.366629
0.951354 0.523737
0.508931 0.379905
0.117812 0.892363
0.981081 0.819230
0.871796 0.670580
0.945173 0.703135
0.720784 0.375084
0.976585 0.374718
0.180671 0.707840
0.548170 0.674159
0.086719 0.147790
0.642339 0.470874
0.680720 0.246610
0.807453 0.568254
0.451344 0.798625
0.303703 0.681385
0.721125 0.080250
0.393684 0.051727
0.995357 0.644114
0.380428 0.323306
0.928942 0.651464
0.270025 0.404620
0.467182 0.927476
0.681887 0.114759
0.611740 0.287904
0.701164 0.635233
0.268719 0.277943
0.685721 0.926123
0.550058 0.860843
0.698280 0.055575
0.133567 0.109437
0.525477 0.950921
0.106812 0.248161
0.346304 0.648890
0.081803 0.564902
0.233709 0.598075
0.717212 0.107855
0.398050 0.718602
0.920186 0.267048
0.175853 0.816507
0.832448 0.756448
0.789512 0.785801
0.237987 0.395053
0.309166 0.318337
0.214510 0.124144
0.694260 0.458635
0.521758 0.660785
0.973251 0.117179
0.148362 0.914528
0.084145 0.178750
0.348979 0.497636
0.568994 0.092526
0.254168 0.957639
0.039845 0.871070
0.813542 0.503956
0.491840 0.687150
0.680499 0.154879
0.801416 0.706733
0.768637 0.546585
0.773714 0.757975
0.636225 0.577106
0.205400 0.808149
0.549329 0.545125
0.623963 0.499704
0.112430 0.475818
0.662418 0.668348
0.286472 0.205796
0.173106 0.569250
0.166965 0.477979
0.274894 0.811438
0.561933 0.705030
0.520942 0.188270
0.896033 0.247680
0.077985 0.597217
0.342172 0.561886
0.366197 0.708752
0.682829 0.371448
0.976379 0.965843
0.845264 0.813096
0.209943 0.780025
0.560062 0.800629
0.690483 0.662165
0.212341 0.066240
0.848707 0.107889
0.836986 0.675756
0.651341 0.318426
0.125722 0.042821
0.180542 0.086026
0.653623 0.102829
0.248914 0.520901
0.033552 0.562010
0.354064 0.815190
0.674543 0.284317
0.289698 0.572149
0.954372 0.676357
0.740860 0.741925
0.087102 0.351533
0.995132 0.790486
0.980905 0.701020
0.137936 0.954117
0.424190 0.987606
0.024894 0.632439
0.239532 0.653672
0.166849 0.380261
0.029600 0.473042
0.593384 0.390018
0.551143 0.637481
0.737759 0.059355
0.905981 0.428134
0.760859 0.036234
0.881426 0.276552
0.775000 0.614622
0.370287 0.018184
0.093962 0.991302
0.256700 0.676559
0.571910 0.836432
0.455814 0.359475
0.743234 0.685016
0.267009 0.744801
0.130100 0.394768
0.454450 0.560092
0.527206 0.697342
0.238780 0.804648
0.607058 0.692626
0.898479 0.573974
0.358847 0.531406
0.255563 0.903586
0.926162 0.828406
0.435695 0.436046
0.634418 0.442094
0.126787 0.525628
0.742149 0.565185
0.344143 0.338449
0.478821 0.016383
0.154741 0.618011
0.578588 0.677886
0.294473 0.238712
0.998039 0.982554
0.227185 0.192499
0.846514 0.291162
0.275953 0.006476
0.486343 0.052323
0.327951 0.709067
0.766897 0.069860
0.173841 0.539152
0.616059 0.946323
0.756995 0.795445
0.824478 0.331077
0.840167 0.883183
0.480176 0.584190
0.669199 0.438548
0.062007 0.129251
0.278642 0.655084
0.488700 0.355645
0.199824 0.985748
0.102671 0.504497
0.964084 0.553572
0.107921 0.327340
0.204409 0.038859
0.681939 0.409636
0.015698 0.002890
0.841952 0.078283
0.058904 0.469279
0.233058 0.553154
0.969253 0.656137
0.117851 0.145455
0.039625 0.435037
0.886916 0.856153
0.207953 0.720090
0.596004 0.748288
0.391351 0.287611
0.362062 0.623399
0.781168 0.522058
0.343310 0.945747
0.462714 0.180555
0.952562 0.093660
0.251000 0.715716
0.167253 0.191010
0.727883 0.028784
0.138615 0.011064
0.754307 0.713015
0.456770 0.034387
0.242284 0.249687
0.418526 0.296494
0.093009 0.771617
0.743980 0.935567
0.942757 0.348029
0.090848 0.900198
0.946537 0.729907
0.779881 0.097775
0.531634 0.464803
0.849472 0.698287
0.482956 0.473475
0.945850 0.380779
0.527335 0.159669
0.517016 0.724965
0.337220 0.682004
0.780459 0.493035
0.021637 0.893501
0.654314 0.221539
0.920834 0.756454
0.071959 0.533563
0.549412 0.433664
0.794669 0.016954
0.759492 0.648260
0.372854 0.957994
0.190449 0.309577
0.494461 0.106659
0.264579 0.373213
0.009628 0.538332
0.889108 0.640195
0.449468 0.972464
0.081512 0.742611
0.913918 0.495945
0.474798 0.953713
0.836344 0.582292
0.105194 0.017673
0.963834 0.781919
0.427541 0.726214
0.069475 0.976170
0.578520 0.277407
0.256682 0.488891
0.176095 0.054983
0.902831 0.395621
0.550243 0.207771
0.560652 0.482761
0.980504 0.308619
0.746801 0.361483
0.577715 0.645798
0.948292 0.849046
0.673171 0.734387
0.937040 0.625184
0.983479 0.529845
0.682851 0.702081
0.671262 0.584778
0.094338 0.860768
0.061484 0.947121
0.516153 0.248833
0.666797 0.191472
0.046594 0.027781
0.365982 0.059520
0.053156 0.579230
0.650388 0.939537
0.259006 0.624014
0.452652 0.522265
0.520231 0.049841
0.177307 0.777388
0.791739 0.906106
0.251949 0.834584
0.967115 0.229387
0.792485 0.385972
0.208922 0.330963
0.918456 0.689134
0.773790 0.683870
0.724983 0.166751
0.809147 0.624588
0.883534 0.702562
0.647614 0.169419
0.351439 0.392379
0.665792 0.053431
0.493471 0.211923
0.571132 0.457013
0.333335 0.471468
0.276515 0.306042
0.503316 0.888640
0.096178 0.053115
0.189355 0.443659
0.508178 0.019168
0.065951 0.064449
0.572478 0.034667
0.784684 0.454867
0.863043 0.255061
0.380883 0.492847
0.629334 0.207009
0.129128 0.615042
0.595758 0.015026
0.749443 0.903833
0.397504 0.192467
0.877737 0.378654
0.063781 0.904968
0.743146 0.256589
0.648653 0.510370
0.813416 0.170144
0.124629 0.079407
0.635822 0.039309
0.137812 0.335524
0.202104 0.609772
0.965984 0.147580
0.330747 0.197410
0.840134 0.613989
0.841227 0.381446
0.591488 0.186975
0.308623 0.549396
0.880035 0.132768
0.548320 0.067547
0.735940 0.137310
0.023268 0.163876
0.523032 0.864265
0.243382 0.989231
0.037199 0.055566
0.756769 0.317492
0.772843 0.264631
0.875524 0.176445
0.621612 0.803951
0.381516 0.113626
0.505585 0.923823
0.899446 0.776511
0.993445 0.609832
0.589928 0.435420
0.222689 0.963241
0.489832 0.142530
0.872113 0.610240
0.535928 0.780487
0.353312 0.175470
0.652687 0.355517
0.963852 0.878802
0.890326 0.894742
0.593337 0.488069
0.261111 0.781950
0.274505 0.077654
0.389739 0.229876
0.283562 0.528799
0.448762 0.671988
0.194105 0.483203
0.838430 0.415665
0.916714 0.096747
0.602571 0.100664
0.914468 0.366174
0.655134 0.707550
0.796921 0.123511
0.101247 0.720987
0.898787 0.166643
0.535979 0.573320
0.702566 0.346064
0.612004 0.983296
0.448091 0.061193
0.195806 0.841626
0.179695 0.635983
0.147464 0.136382
0.473456 0.386810
0.916336 0.913934
0.068512 0.869535
0.411709 0.653422
0.175546 0.597459
0.882693 0.488313
0.160529 0.288702
0.120920 0.675325
0.434313 0.868093
0.328069 0.407294
0.994579 0.878221
0.852201 0.490708
0.307887 0.126885
0.933520 0.936878
0.590421 0.154552
0.417610 0.166914
0.792722 0.153558
0.396819 0.980926
0.057536 0.210445
0.092215 0.453621
0.870602 0.830905
0.000088 0.136643
0.981114 0.018549
0.912769 0.722378
0.094899 0.393262
0.138391 0.179882
0.311590 0.173432
0.422585 0.912484
0.119261 0.926654
0.931644 0.983415
0.401684 0.852228
0.457275 0.841195
0.371278 0.882936
0.277663 0.972155
0.670575 0.963674
0.522282 0.219414
0.246330 0.932135
0.648032 0.792036
0.498668 0.450554
0.447322 0.478543
0.504540 0.599161
0.054476 0.180891
0.422956 0.806664
0.530842 0.096765
0.853791 0.445994
0.616819 0.076934
0.783184 0.191097
0.735898 0.227323
0.127642 0.983361
0.595215 0.900134
0.169271 0.662882
0.206674 0.655338
0.207632 0.874175
0.016517 0.244903
0.926154 0.463089
0.101111 0.538961
0.940330 0.439743
0.165359 0.936673
0.162992 0.159454
0.040719 0.735931
0.720382 0.863165
0.405532 0.513698
0.505500 0.493588
0.834717 0.522137
0.833158 0.052815
0.708009 0.399179
0.039553 0.917309
0.312682 0.507687
0.749866 0.102902
0.140387 0.724929
0.288517 0.767674
0.263804 0.551136
0.826364 0.196022
0.727979 0.995650
0.855001 0.642239
0.424139 0.496255
0.486752 0.744858
0.112778 0.570399
0.514114 0.826562
0.742627 0.841990
0.361846 0.135477
0.838114 0.468634
0.721278 0.308061
0.661883 0.635489
0.854856 0.224858
0.450314 0.304668
0.766479 0.824424
0.697553 0.180268
0.318239 0.585544
0.288814 0.148685
0.355638 0.227069
0.731046 0.336329
0.019553 0.596630
0.696079 0.764757
0.325412 0.083628
0.060164 0.405515
0.361974 0.427127
0.719293 0.713838
0.337924 0.274606
0.667269 0.823814
0.223262 0.225096
0.226871 0.894753
0.097323 0.798668
0.926397 0.157302
0.647007 0.413173
0.487558 0.714363
0.632565 0.646822
0.922143 0.035889
0.090942 0.211717
0.122464 0.212325
0.822441 0.793032
0.161790 0.441387
0.392426 0.432306
0.882439 0.306439
0.677659 0.332019
0.543630 0.924181
0.508149 0.282506
0.224032 0.839922
0.310801 0.892150
0.162155 0.219705
0.706761 0.738650
0.087064 0.662505
0.316360 0.653110
0.376753 0.385847
0.190333 0.228722
0.569552 0.604601
0.282397 0.496615
0.112188 0.180254
0.863749 0.985149
0.280528 0.878222
0.076021 0.026309
0.084003 0.829008
0.341248 0.848615
0.186266 0.132745
0.821766 0.724030
0.165991 0.108706
0.299116 0.095418
0.998993 0.338213
0.385772 0.530807
0.247345 0.458843
0.983862 0.500857
0.402400 0.137639
0.400109 0.360274
0.471927 0.868967
0.335793 0.117299
0.903336 0.615623
0.281987 0.600245
0.668266 0.476679
0.150243 0.760963
0.033318 0.223546
0.640561 0.972425
0.462562 0.647460
0.857616 0.320969
0.349942 0.779593
0.124740 0.442388
0.222811 0.155190
0.892707 0.987005
0.216352 0.458257
0.199939 0.285486
0.643644 0.891803
0.974240 0.191011
0.957297 0.259029
0.246990 0.081972
0.380637 0.799331
0.420308 0.038142
0.866858 0.050735
0.018836 0.193781
0.157713 0.688440
0.493096 0.173470
0.421262 0.412301
0.469078 0.420116
0.815511 0.305703
0.300769 0.832534
0.560438 0.948503
0.195109 0.164742
0.577587 0.545814
0.027634 0.787694
0.817539 0.102004
0.577718 0.316947
0.992226 0.759240
0.439752 0.009950
0.900217 0.220257
0.589592 0.958290
0.095357 0.084381
0.149314 0.069713
0.516582 0.342017
0.346309 0.031303
0.022981 0.119626
0.384727 0.559455
0.375095 0.255625
0.397556 0.400075
0.787598 0.326223
0.583305 0.122572
0.821045 0.908399
0.952286 0.757719
0.984245 0.401061
0.408675 0.327722
0.598254 0.718663
0.562397 0.764810
0.708617 0.686040
0.199714 0.683159
0.270809 0.039353
0.742978 0.769351
0.746271 0.287212
0.405233 0.881490
0.537926 0.741391
0.931640 0.406433
0.740254 0.527349
0.666385 0.022911
0.725520 0.963605
0.912103 0.296389
0.430944 0.764950
0.368142 0.851119
0.432977 0.135678
0.417559 0.223220
0.051535 0.504938
0.533695 0.498659
0.490650 0.629995
0.989421 0.252327
0.254587 0.209072
0.325905 0.815451
0.233590 0.279113
0.656703 0.259506
0.139767 0.581297
0.253018 0.141557
0.316823 0.219730
0.974127 0.583190
0.925609 0.881964
