0.555422 0.403978
0.227592 0.275129
0.109059 0.233333
0.526127 0.877994
0.097157 0.160657
0.010709 0.537668
0.588938 0.585707
0.247888 0.057302
0.324168 0.351045
0.799635 0.330813
0.517020 0.315116
0.029612 0.200483
0.763845 0.208074
0.511833 0.494940
0.039277 0.141007
0.691126 0.358934
0.276373 0.785933
0.190641 0.053132
0.841795 0.407905
0.790659 0.268640
0.438025 0.350427
0.723292 0.508264
0.555085 0.375681
0.675678 0.546139
0.494121 0.339609
0.060637 0.318897
0.353318 0.334949
0.675019 0.488078
0.006164 0.144411
0.071506 0.106768
0.633695 0.585950
0.373450 0.467900
0.025836 0.649343
0.474312 0.448293
0.212634 0.776169
0.052419 0.045652
0.469481 0.931616
0.551903 0.954657
0.225448 0.719586
0.678568 0.433255
0.019150 0.681433
0.143144 0.685733
0.525516 0.759769
0.966529 0.697673
0.951447 0.171521
0.114641 0.395514
0.103686 0.119879
0.034263 0.020978
0.083227 0.396190
0.335844 0.552207
0.756509 0.534034
0.116150 0.662736
0.635098 0.317328
0.868661 0.355182
0.070365 0.546221
0.517180 0.646160
0.258444 0.353252
0.281094 0.903777
0.435836 0.831699
0.280737 0.558877
0.179020 0.250805
0.218648 0.692732
0.768555 0.327470
0.435096 0.521595
0.167150 0.202207
0.895938 0.694383
0.016797 0.987281
0.182987 0.619391
0.362918 0.894519
0.084735 0.521718
0.664883 0.274559
0.667576 0.604208
0.760713 0.268043
0.107010 0.750100
0.549466 0.896503
0.906840 0.003093
0.448624 0.883918
0.041129 0.112060
0.577769 0.982034
0.475761 0.247129
0.018814 0.589817
0.975491 0.553721
0.941731 0.550844
0.350489 0.398891
0.272820 0.375951
0.784840 0.639235
0.013760 0.088479
0.376132 0.202435
0.319528 0.489222
0.157704 0.232879
0.955356 0.578806
0.271773 0.163742
0.123100 0.327132
0.092693 0.262556
0.671261 0.012057
0.046693 0.993115
0.462381 0.400118
0.836401 0.953857
0.062459 0.760728
0.748425 0.045299
0.400463 0.336554
0.762352 0.136519
0.142501 0.576648
0.223742 0.524590
0.260543 0.527989
0.810874 0.977005
0.705925 0.444820
0.868303 0.737285
0.180371 0.329145
0.923450 0.189304
0.307327 0.550442
0.703041 0.018996
0.681979 0.202449
0.383894 0.170110
0.181642 0.700586
0.606232 0.976250
0.842804 0.983654
0.598446 0.284998
0.010848 0.432305
0.496699 0.377817
0.997259 0.655099
0.624973 0.643350
0.389398 0.437794
0.989415 0.067417
0.662859 0.513158
0.491168 0.299212
0.096931 0.970237
0.668516 0.462279
0.106145 0.882842
0.668659 0.236507
0.258674 0.998996
0.314787 0.946601
0.560983 0.194791
0.823592 0.255837
0.066333 0.421203
0.833164 0.709108
0.612716 0.838783
0.318961 0.611132
0.591909 0.488483
0.287657 0.486367
0.208110 0.016133
0.324061 0.518615
0.111960 0.364020
0.971454 0.440611
0.629523 0.286471
0.791795 0.155851
0.634176 0.766694
0.777224 0.178546
0.799586 0.427230
0.553366 0.036983
0.489616 0.737475
0.548662 0.988764
0.151385 0.489483
0.429116 0.321074
0.501259 0.771849
0.297791 0.983399
0.376123 0.693198
0.124038 0.985185
0.576303 0.618789
0.097090 0.685731
0.030141 0.710264
0.896989 0.751041
0.092466 0.341908
0.667496 0.371498
0.194524 0.913766
0.136546 0.546258
0.699670 0.285151
0.534845 0.063822
0.141647 0.894051
0.589363 0.198806
0.344801 0.678286
0.469226 0.836403
0.238284 0.090138
0.731571 0.583855
0.826316 0.314945
0.135687 0.163403
0.194398 0.215777
0.204640 0.839847
0.439197 0.086713
0.975245 0.525445
0.785200 0.395849
0.672941 0.762229
0.359000 0.536786
0.959929 0.200233
0.097774 0.847323
0.466558 0.338324
0.708854 0.541732
0.501713 0.852529
0.002195 0.226638
0.069288 0.076604
0.944437 0.415367
0.663264 0.303113
0.224823 0.459661
0.808481 0.015939
0.939028 0.477180
0.364145 0.135888
0.589982 0.379938
0.893818 0.437285
0.249326 0.918884
0.765090 0.097631
0.360074 0.983438
0.696811 0.952106
0.549931 0.110463
0.903587 0.112397
0.416818 0.021081
0.920913 0.248978
0.784893 0.911351
0.825531 0.045592
0.026088 0.868696
0.005484 0.950595
0.239563 0.331494
0.897947 0.904303
0.160356 0.006587
0.638308 0.256222
0.691300 0.986188
0.444827 0.775159
0.733771 0.279066
0.305713 0.916580
0.883193 0.088277
0.524793 0.148566
0.056471 0.845428
0.927631 0.700879
0.668120 0.948736
0.282018 0.724641
0.004367 0.286440
0.975347 0.959433
0.958577 0.389791
0.367051 0.247417
0.143255 0.035489
0.763192 0.718668
0.190403 0.531843
0.700062 0.756567
0.254027 0.731397
0.714251 0.342056
0.311111 0.460851
0.658921 0.094097
0.330604 0.881845
0.269823 0.024817
0.398540 0.984014
0.232586 0.959395
0.399149 0.475736
0.118394 0.633185
0.300009 0.769432
0.757144 0.689256
0.751493 0.944522
0.307081 0.373714
0.527647 0.580821
0.026978 0.838511
0.414403 0.778166
0.988655 0.986805
0.394729 0.270771
0.513236 0.122857
0.441796 0.912588
0.795883 0.579200
0.023078 0.319937
0.354469 0.785501
0.011194 0.620670
0.620620 0.148167
0.611493 0.607330
0.981302 0.416159
0.913863 0.829539
0.042418 0.525146
0.684422 0.166539
0.695344 0.514348
0.560846 0.515939
0.853593 0.647638
0.192183 0.877280
0.354158 0.047841
0.240413 0.301861
0.504844 0.812295
0.937322 0.080847
0.017141 0.811139
0.828559 0.155266
0.904817 0.778721
0.472323 0.212369
0.233630 0.824169
0.671233 0.404676
0.094824 0.775820
0.997082 0.464208
0.967538 0.283638
0.865014 0.711372
0.135709 0.956658
0.982877 0.601194
0.340603 0.086344
0.452941 0.148655
0.335570 0.914421
0.550253 0.647478
0.738668 0.801089
0.289708 0.138203
0.382485 0.561421
0.872713 0.138367
0.317097 0.844260
0.546296 0.172174
0.374652 0.074277
0.222286 0.988801
0.834941 0.342799
0.286668 0.957584
0.719058 0.415303
0.439150 0.041757
0.019201 0.744007
0.615221 0.223183
0.328581 0.058072
0.216380 0.185369
0.104771 0.191261
0.781492 0.037350
0.351094 0.613646
0.943682 0.950195
0.510135 0.695890
0.005953 0.114298
0.073098 0.450109
0.032951 0.241683
0.018982 0.174564
0.503289 0.232287
0.671636 0.637475
0.221367 0.897323
0.478263 0.169414
0.987309 0.833173
0.614007 0.339254
0.993858 0.727054
0.831664 0.675825
0.180651 0.805730
0.374166 0.735206
0.252392 0.468928
0.714308 0.151193
0.805162 0.941562
0.170044 0.302732
0.798562 0.881637
0.604924 0.702262
0.988854 0.367048
0.827318 0.868158
0.603774 0.008579
0.215742 0.616439
0.741380 0.183866
0.157817 0.716908
0.248664 0.613014
0.364148 0.279873
0.802938 0.061630
0.834518 0.815558
0.444104 0.649630
0.297050 0.208100
0.424070 0.115159
0.691530 0.256989
0.850676 0.841309
0.293706 0.298844
0.125848 0.729038
0.290108 0.403778
0.921285 0.498251
0.507935 0.896664
0.614097 0.870442
0.167894 0.098013
0.583242 0.350987
0.492679 0.671365
0.963516 0.010514
0.355244 0.578485
0.653941 0.690798
0.257168 0.432655
0.406257 0.582939
0.870342 0.189101
0.051970 0.164929
0.032400 0.556332
0.852196 0.439246
0.879866 0.546721
0.796604 0.549792
0.070976 0.289658
0.316283 0.321309
0.791165 0.238503
0.778880 0.494243
0.801336 0.699768
0.201712 0.587545
0.328212 0.728461
0.194289 0.728811
0.827157 0.779850
0.300442 0.177822
0.876121 0.887390
0.340841 0.013082
0.721869 0.823350
0.130740 0.216870
0.757596 0.237010
0.361986 0.426857
0.969617 0.339756
0.148303 0.519918
0.222839 0.863287
0.151219 0.826223
0.161273 0.665430
0.742606 0.347283
0.403419 0.747962
0.702575 0.226498
0.181298 0.506580
0.287827 0.104304
0.924520 0.043609
0.073854 0.706289
0.590195 0.516891
0.418475 0.451699
0.125010 0.598694
0.650042 0.661332
0.101844 0.087898
0.354225 0.161180
0.641401 0.528519
0.052675 0.344291
0.181951 0.413313
0.635125 0.492977
0.136751 0.076416
0.958211 0.855372
0.713573 0.310553
0.615185 0.400599
0.194799 0.083035
0.768594 0.762053
0.378174 0.511950
0.235832 0.158244
0.913254 0.411145
0.414348 0.953152
0.993687 0.886239
0.895575 0.515921
0.243404 0.789891
0.187469 0.754148
0.671794 0.067581
0.613676 0.902308
0.261996 0.126076
0.313972 0.239143
0.623637 0.363352
0.081258 0.822890
0.996333 0.571703
0.299936 0.808449
0.349052 0.369674
0.738735 0.080687
0.413733 0.614071
0.279235 0.051998
0.330127 0.810866
0.579170 0.660268
0.513768 0.044175
0.635630 0.709229
0.486098 0.138753
0.334029 0.125799
0.301459 0.071365
0.094701 0.311762
0.325251 0.282137
0.261577 0.584829
0.571300 0.864224
0.860990 0.681560
0.305511 0.635684
0.900505 0.567483
0.641241 0.893139
0.497563 0.016254
0.663251 0.822947
0.871621 0.222683
0.525320 0.615512
0.641747 0.385035
0.471496 0.651536
0.138388 0.300402
0.069667 0.182091
0.969903 0.087113
0.889838 0.800204
0.680356 0.680573
0.353054 0.216251
0.907277 0.284630
0.696236 0.648250
0.456256 0.616018
0.931063 0.804897
0.389408 0.887600
0.419003 0.680193
0.122922 0.488619
0.718046 0.734916
0.771223 0.432606
0.389754 0.927204
0.988393 0.312476
0.201874 0.483865
0.114091 0.806157
0.157115 0.400167
0.476446 0.782839
0.550668 0.782630
0.075603 0.794259
0.385045 0.849321
0.869826 0.924043
0.534178 0.927168
0.570956 0.014591
0.103330 0.458524
0.482200 0.419330
0.527393 0.523304
0.906212 0.465801
0.381021 0.773031
0.043713 0.610932
0.455163 0.006227
0.713483 0.857875
0.055912 0.885078
0.709366 0.187531
0.649835 0.740738
0.406788 0.505774
0.743615 0.308818
0.610758 0.790643
0.673102 0.723867
0.936750 0.773326
0.468640 0.586951
0.643279 0.620136
0.180182 0.026414
0.207139 0.343811
0.167048 0.360970
0.838700 0.500926
0.697742 0.603086
0.424593 0.710479
0.522875 0.346717
0.083229 0.733349
0.072642 0.986662
0.129175 0.773208
0.802472 0.363978
0.624494 0.192237
0.613512 0.526933
0.814474 0.837906
0.070571 0.951446
0.509172 0.409983
0.326258 0.207362
0.926826 0.126485
0.940657 0.267273
0.946285 0.607199
0.633121 0.091056
0.088898 0.052447
0.545715 0.306314
0.124354 0.139272
0.193589 0.447182
0.777764 0.299456
0.029464 0.930872
0.804435 0.796979
0.736427 0.551235
0.665220 0.916381
0.905800 0.722852
0.340910 0.642120
0.253226 0.847330
0.919627 0.930576
0.175338 0.581547
0.590957 0.452804
0.233829 0.128876
0.745755 0.745226
0.961915 0.787971
0.230413 0.580894
0.513127 0.952093
0.317103 0.667719
0.440786 0.944805
0.845275 0.892962
0.454520 0.975173
0.274660 0.871897
0.547755 0.699691
0.387608 0.008887
0.588610 0.807108
0.157285 0.129347
0.605402 0.561718
0.842683 0.203440
0.322180 0.402596
0.931541 0.745093
0.221025 0.226282
0.529253 0.014477
0.603607 0.170611
0.725904 0.925125
0.501055 0.266971
0.205544 0.401379
0.078304 0.869925
0.650041 0.861015
0.999710 0.913591
0.745959 0.632995
0.762781 0.659995
0.804209 0.092781
0.841598 0.123473
0.491844 0.568340
0.724326 0.376668
0.337942 0.180080
0.898798 0.320025
0.955175 0.052104
0.011841 0.781072
0.500081 0.079170
0.395332 0.803047
0.951619 0.983435
0.990599 0.203852
0.161168 0.061309
0.763781 0.875714
0.133817 0.455431
0.464278 0.075646
0.507945 0.548986
0.302525 0.430404
0.134325 0.105234
0.533372 0.461330
0.865611 0.385044
0.584562 0.235963
0.796852 0.763417
0.282068 0.243454
0.262860 0.278536
0.638417 0.931065
0.248412 0.884297
0.786634 0.819633
0.545452 0.853547
0.134024 0.422797
0.115679 0.054084
0.140004 0.375852
0.950686 0.361291
0.650439 0.130277
0.147554 0.795084
0.787260 0.854020
0.858199 0.800417
0.943710 0.675790
0.035799 0.292457
0.933728 0.015110
0.891752 0.977596
0.497618 0.601127
0.785537 0.984497
0.866408 0.578182
0.544320 0.730119
0.600602 0.925860
0.039989 0.433127
0.481820 0.106140
0.432037 0.288251
0.528020 0.205709
0.755176 0.383471
0.052558 0.265742
0.837228 0.011782
0.552051 0.609287
0.637958 0.798159
0.739296 0.444040
0.790841 0.675900
0.741666 0.852936
0.115223 0.913649
0.772144 0.068668
0.425561 0.415968
0.524157 0.095433
0.072126 0.023231
0.092545 0.489792
0.099640 0.604701
0.743986 0.156505
0.899098 0.350730
0.006036 0.342705
0.636287 0.831602
0.335374 0.437983
0.701526 0.791918
0.304543 0.742118
0.420648 0.063812
0.050067 0.682502
0.669345 0.791065
0.105093 0.941112
0.597422 0.755039
0.380784 0.959049
0.053034 0.641149
0.698071 0.711437
0.750124 0.500830
0.839938 0.752441
0.252785 0.695781
0.955327 0.313068
0.406731 0.189798
0.759858 0.830953
0.002560 0.018928
0.391152 0.126477
0.521703 0.979129
0.709896 0.679890
0.433147 0.742144
0.397577 0.663218
0.865937 0.770431
0.603718 0.079695
0.691469 0.048089
0.038404 0.960759
0.382103 0.387445
0.025339 0.399504
0.418101 0.215016
0.682230 0.106046
0.400970 0.092948
0.585628 0.413131
0.123547 0.016162
0.637981 0.556947
0.397984 0.407967
0.749877 0.603868
0.394921 0.051175
0.193027 0.673954
0.322415 0.582230
0.875227 0.415002
0.516024 0.724857
0.858412 0.036076
0.038860 0.774398
0.162167 0.439425
0.579038 0.156832
0.050369 0.388471
0.477738 0.865641
0.699470 0.395072
0.412639 0.874352
0.883253 0.058911
0.102193 0.426222
0.075891 0.137208
0.215446 0.104364
0.375690 0.312391
0.109477 0.558833
0.569745 0.314997
0.730594 0.214899
0.893729 0.031372
0.432363 0.487642
0.902856 0.222329
0.778169 0.607817
0.169296 0.551896
0.404877 0.830534
0.097623 0.010946
0.974945 0.493006
0.823653 0.443094
0.453067 0.469591
0.888063 0.665956
0.379196 0.598610
0.312242 0.700130
0.948401 0.111395
0.490197 0.476811
0.396102 0.712934
0.968241 0.749390
0.232695 0.395586
0.737099 0.118100
0.110269 0.285213
0.368911 0.658783
0.542262 0.550089
0.234879 0.639604
0.810529 0.289616
0.424902 0.555084
0.328615 0.983930
0.177059 0.840406
0.130925 0.257457
0.912019 0.074247
0.673735 0.885607
0.921802 0.971745
0.311746 0.033998
0.929843 0.862773
0.465109 0.533206
0.722362 0.991208
0.916049 0.537053
0.736328 0.472852
0.326937 0.776406
0.449649 0.186140
0.643917 0.420262
0.466582 0.030259
0.002951 0.508586
0.226748 0.664483
0.370857 0.026691
0.815244 0.397871
0.454628 0.715417
0.881918 0.488992
0.085519 0.638113
0.637899 0.018713
0.618925 0.116967
0.580296 0.096212
0.862159 0.324364
0.618411 0.472013
0.656219 0.341406
0.210315 0.804868
0.917481 0.659522
0.770326 0.464111
0.901781 0.862445
0.073803 0.666399
0.059836 0.923830
0.915579 0.623384
0.784996 0.524994
0.757798 0.911062
0.085541 0.572428
0.048852 0.808597
0.258828 0.404381
0.427268 0.166531
0.930163 0.302282
0.266419 0.086039
0.530726 0.240309
0.851685 0.243935
0.839339 0.473304
0.411373 0.368587
0.867303 0.962712
0.049592 0.731329
0.011195 0.258700
0.893802 0.602161
0.251321 0.248899
0.560438 0.576458
0.452693 0.681513
0.061756 0.475811
0.218931 0.055570
0.935962 0.219866
0.262133 0.760047
0.021734 0.490021
0.286929 0.659591
0.072365 0.604937
0.566801 0.920389
0.190050 0.123003
0.961160 0.886872
0.203924 0.148315
0.841969 0.287622
0.629478 0.059433
0.896722 0.384495
0.684322 0.323019
0.191178 0.373554
0.577472 0.776498
0.806980 0.611292
0.525661 0.834156
0.564169 0.747126
0.187964 0.178843
0.753868 0.980154
0.154951 0.273170
0.949740 0.827212
0.190400 0.984525
0.428104 0.988030
0.056319 0.502583
0.473910 0.810092
0.994686 0.696926
0.050580 0.217613
0.271074 0.316032
0.989437 0.766423
0.716265 0.623274
0.499954 0.925005
0.867853 0.861092
0.366624 0.815597
0.133638 0.864205
0.419809 0.639856
0.711071 0.113661
0.400553 0.537764
0.418185 0.253504
0.862878 0.515705
0.645761 0.221964
0.511331 0.173477
0.870907 0.005116
0.297116 0.269256
0.707561 0.081217
0.291400 0.521170
0.464600 0.278358
0.979176 0.035844
0.291192 0.592445
0.978845 0.256900
0.357734 0.863663
0.890473 0.254627
0.347073 0.468159
0.556893 0.138080
0.015603 0.051114
0.316435 0.151059
0.543055 0.492128
0.668198 0.574826
0.210440 0.554134
0.378541 0.356030
0.259950 0.660746
0.365517 0.103840
0.767998 0.792829
0.300516 0.010007
0.585859 0.839265
0.583606 0.051345
0.258137 0.972510
0.574199 0.685550
0.655923 0.041445
0.468206 0.369956
0.550315 0.261668
0.870976 0.462959
0.834392 0.371409
0.530344 0.799168
0.942731 0.640100
0.461241 0.309381
0.507250 0.448935
0.466424 0.499888
0.817913 0.183042
0.855808 0.165519
0.276070 0.623647
0.953062 0.723786
0.236623 0.024842
0.163985 0.868467
0.169092 0.908270
0.974118 0.628670
0.660483 0.976618
0.962095 0.465049
0.252214 0.184168
0.338949 0.252094
0.052003 0.576808
0.926538 0.154355
0.495943 0.198376
0.228015 0.496574
0.772878 0.359122
0.199169 0.952841
0.113283 0.522017
0.826758 0.566800
0.882661 0.829839
0.705418 0.888244
0.765134 0.570205
0.083830 0.909792
0.413602 0.912405
0.411497 0.145309
0.864170 0.611408
0.030830 0.900051
0.575722 0.546998
0.589654 0.124808
0.967402 0.147614
0.445997 0.434689
0.740241 0.014436
0.158918 0.978737
0.612617 0.433772
0.641484 0.451599
0.778012 0.950468
0.608146 0.037125
0.893853 0.943146
0.144708 0.928298
0.840641 0.925398
0.147831 0.640474
0.436424 0.804316
0.702866 0.572545
0.596889 0.638766
0.260652 0.499139
0.171365 0.947929
0.402867 0.300900
0.925680 0.894574
0.949639 0.915295
0.730559 0.772998
0.625162 0.954586
0.343076 0.953579
0.350251 0.751348
0.598143 0.314823
0.490388 0.989069
0.246398 0.552743
0.571804 0.275661
0.209046 0.310180
0.730097 0.660574
0.124166 0.835324
0.287660 0.841103
0.849724 0.547183
0.266443 0.816165
0.489636 0.629471
0.039827 0.075193
0.987767 0.173446
0.028868 0.363186
0.343570 0.304505
0.922362 0.584670
0.278889 0.452205
0.270392 0.211502
0.749599 0.411534
0.155230 0.609923
0.866018 0.108060
0.655286 0.189919
0.314923 0.105134
0.151885 0.747360
0.227674 0.366143
0.192446 0.281722
0.731804 0.704880
0.117576 0.704055
0.436457 0.858679
0.925106 0.376824
0.289954 0.342084
0.525641 0.281873
0.930040 0.442136
0.168630 0.158019
0.723912 0.960114
0.866726 0.271112
0.823392 0.529623
0.583882 0.889319
0.392500 0.233202
0.683780 0.136965
0.147352 0.338755
0.789018 0.728991
0.945898 0.516557
0.171363 0.775373
0.525128 0.380803
0.615516 0.674543
0.997416 0.393098
0.479652 0.703756
0.304163 0.875980
0.977397 0.120555
0.436524 0.590427
0.833146 0.089391
0.928201 0.337592
0.560700 0.074553
0.346437 0.838217
0.992892 0.858788
0.884825 0.636808
0.616979 0.735703
0.435016 0.385308
0.564963 0.471287
0.464230 0.750285
0.222759 0.430498
0.704404 0.475780
0.817953 0.735562
0.382004 0.630339
0.139831 0.188822
0.171453 0.470489
0.476512 0.898047
0.282834 0.691998
0.227211 0.751704
0.532545 0.673308
0.453949 0.118240
0.361721 0.929465
0.971117 0.661752
0.454708 0.558894
0.725373 0.250099
0.821690 0.223568
0.801828 0.464596
0.681985 0.854788
0.896637 0.187721
0.786316 0.118730
0.696115 0.917848
0.269320 0.936849
0.482570 0.053036
0.081652 0.210069
0.191031 0.645571
0.209658 0.252719
0.650649 0.161376
0.962720 0.234999
0.074460 0.367321
0.445050 0.220260
0.735103 0.890613
0.813729 0.652266
0.445302 0.253339
0.532871 0.425764
0.692480 0.824662
0.772848 0.010921
0.835756 0.594166
0.221004 0.931505
0.832985 0.626379
0.559358 0.819856
0.720795 0.047990
0.480691 0.960790
0.561985 0.437819
0.635918 0.988743
0.581199 0.718992
0.876399 0.298779
0.559447 0.226187
0.074230 0.240125
0.583800 0.948977
0.850569 0.068080
0.552455 0.344758
0.031114 0.462886
0.242328 0.213598
0.352068 0.501147
0.812928 0.128743
0.815295 0.908908
0.974975 0.928180
0.795702 0.205743
0.491539 0.520867
0.896031 0.152708
0.348963 0.709574
0.983294 0.805998
0.606234 0.254702
0.808307 0.497533
