0.043167 0.569117
0.207568 0.601254
0.675971 0.561656
0.128473 0.656179
0.529700 0.951034
0.506218 0.971726
0.390649 0.960017
0.991618 0.329730
0.877904 0.337426
0.015557 0.588735
0.394927 0.618321
0.360258 0.585980
0.839546 0.300903
0.015819 0.201868
0.016611 0.098416
0.019195 0.065163
0.866005 0.408772
0.235016 0.153754
0.754834 0.509792
0.794525 0.268342
0.482609 0.440277
0.310029 0.454691
0.245438 0.741163
0.843524 0.758557
0.052481 0.672232
0.839273 0.557856
0.224227 0.215577
0.677748 0.894206
0.441113 0.408668
0.921740 0.096415
0.527792 0.240036
0.459536 0.762352
0.271799 0.205171
0.672460 0.751556
0.819845 0.783132
0.088762 0.997890
0.103996 0.634058
0.139221 0.092294
0.490608 0.910883
0.764828 0.998873
0.789077 0.056789
0.558819 0.776996
0.235663 0.284230
0.047409 0.598471
0.460093 0.297164
0.999466 0.142877
0.591722 0.546270
0.127887 0.004359
0.691118 0.448380
0.572437 0.343912
0.447250 0.182645
0.545799 0.042834
0.013639 0.622403
0.422178 0.226853
0.596578 0.877161
0.592672 0.154178
0.842904 0.048054
0.579789 0.739992
0.217003 0.993879
0.801820 0.239714
0.782949 0.773385
0.016953 0.034530
0.702576 0.630075
0.784988 0.739727
0.193928 0.059477
0.165575 0.146834
0.257597 0.869537
0.482733 0.208767
0.228457 0.862198
0.230131 0.504550
0.757586 0.039091
0.669566 0.929991
0.023830 0.976407
0.277612 0.606868
0.634320 0.631631
0.521925 0.650834
0.374265 0.717383
0.573841 0.897255
0.001297 0.519744
0.704829 0.477003
0.046795 0.100416
0.963565 0.605688
0.028377 0.654321
0.751165 0.942675
0.194527 0.849489
0.747115 0.836957
0.540606 0.129538
0.919642 0.061912
0.701101 0.043832
0.773190 0.236170
0.754769 0.376361
0.462196 0.656176
0.487509 0.033260
0.424495 0.444463
0.787219 0.569082
0.253649 0.935096
0.258313 0.585314
0.210738 0.478889
0.664131 0.964762
0.771366 0.599694
0.232302 0.894680
0.916667 0.529778
0.528735 0.483711
0.673247 0.825886
0.894567 0.110199
0.125443 0.431995
0.075020 0.689478
0.832222 0.010929
0.432956 0.651535
0.869848 0.491048
0.800323 0.128082
0.749944 0.306517
0.847809 0.518072
0.612782 0.763254
0.502134 0.489051
0.224762 0.325224
0.398038 0.497893
0.648947 0.905585
0.424534 0.979364
0.560533 0.496690
0.567084 0.376691
0.552896 0.158839
0.365523 0.946135
0.918809 0.032099
0.811954 0.485218
0.372609 0.075304
0.876952 0.575063
0.385893 0.687984
0.042578 0.026692
0.386139 0.848627
0.707023 0.668399
0.179694 0.936570
0.104209 0.032295
0.863828 0.826003
0.124168 0.919910
0.664176 0.000048
0.913964 0.921532
0.860669 0.104440
0.561353 0.528590
0.875944 0.056285
0.176833 0.556827
0.095416 0.710658
0.000814 0.448937
0.826410 0.920125
0.532083 0.301178
0.402985 0.368713
0.799566 0.379043
0.203204 0.128507
0.730549 0.123293
0.328688 0.359362
0.357301 0.424450
0.573569 0.052228
0.027913 0.695424
0.938966 0.997538
0.605353 0.727103
0.448085 0.210229
0.461892 0.923028
0.482084 0.117186
0.654054 0.798104
0.572827 0.591644
0.705112 0.408181
0.383842 0.014326
0.332059 0.108714
0.275116 0.437822
0.140596 0.171292
0.468907 0.730989
0.731027 0.771093
0.177802 0.176991
0.671323 0.307999
0.492430 0.762983
0.723581 0.158273
0.755334 0.259757
0.563381 0.560214
0.403428 0.141878
0.867255 0.306248
0.029143 0.454102
0.470946 0.542548
0.066953 0.198005
0.056931 0.713981
0.618668 0.858832
0.841145 0.843094
0.989292 0.596907
0.802690 0.882985
0.770767 0.690846
0.959776 0.634763
0.199517 0.810879
0.181921 0.105359
0.326109 0.884680
0.729424 0.558989
0.851299 0.078659
0.200575 0.631346
0.334910 0.817888
0.559503 0.969083
0.062122 0.228899
0.869884 0.957713
0.153344 0.669676
0.175291 0.695728
0.370705 0.885986
0.304696 0.425956
0.097219 0.668917
0.159845 0.965643
0.554637 0.684237
0.591140 0.421736
0.187466 0.449656
0.046895 0.937824
0.885776 0.430635
0.382621 0.044834
0.865127 0.544764
0.399407 0.878930
0.976755 0.665663
0.937650 0.593863
0.791182 0.464222
0.945244 0.425902
0.868626 0.741785
0.820148 0.348999
0.194100 0.910015
0.818322 0.516026
0.033911 0.250892
0.553131 0.222466
0.609611 0.127886
0.255808 0.306720
0.168612 0.073671
0.171633 0.358322
0.432805 0.009091
0.915547 0.577599
0.887935 0.030622
0.395514 0.315524
0.139218 0.804945
0.623506 0.558642
0.842293 0.587729
0.358319 0.246852
0.746053 0.222245
0.312066 0.614849
0.154004 0.598373
0.814288 0.550166
0.365160 0.915178
0.692628 0.341383
0.487641 0.063664
0.585768 0.840088
0.304448 0.828495
0.724763 0.384038
0.474377 0.088592
0.693294 0.176995
0.593339 0.382098
0.432118 0.918155
0.467458 0.265402
0.865503 0.271835
0.566028 0.812163
0.486131 0.638140
0.977250 0.185814
0.460434 0.615489
0.666866 0.515270
0.349750 0.390310
0.533726 0.765952
0.725821 0.350986
0.129999 0.290006
0.234287 0.608167
0.826127 0.649429
0.278276 0.806596
0.061253 0.740340
0.262869 0.169318
0.674709 0.640862
0.616960 0.901127
0.073574 0.050480
0.092962 0.871638
0.775952 0.835958
0.485827 0.312785
0.101383 0.493744
0.860771 0.715433
0.718790 0.842655
0.916960 0.429622
0.958276 0.463200
0.243255 0.671453
0.025230 0.483702
0.995488 0.414776
0.399578 0.647392
0.581985 0.075971
0.592092 0.100625
0.972725 0.437612
0.010651 0.930878
0.357150 0.748075
0.615390 0.397335
0.134362 0.136842
0.574655 0.180287
0.696604 0.603888
0.536164 0.272444
0.495806 0.875011
0.252056 0.338718
0.414009 0.943902
0.203341 0.777573
0.593349 0.625865
0.923276 0.969662
0.560221 0.440542
0.022614 0.320400
0.486613 0.600000
0.516493 0.113652
0.271651 0.729732
0.545393 0.190445
0.051586 0.996209
0.530682 0.550426
0.698266 0.310259
0.303360 0.207963
0.188107 0.205823
0.795211 0.411552
0.150193 0.776830
0.265589 0.899279
0.146845 0.742743
0.897923 0.603635
0.982306 0.054982
0.860393 0.789412
0.701039 0.511887
0.126735 0.203810
0.443479 0.132113
0.404005 0.788170
0.677221 0.406092
0.726641 0.649755
0.601230 0.195526
0.323997 0.167006
0.695476 0.371530
0.978859 0.262702
0.199595 0.879293
0.079762 0.586960
0.664415 0.378881
0.731242 0.733891
0.298750 0.770900
0.786189 0.023794
0.547367 0.012805
0.949049 0.491022
0.079432 0.615771
0.009248 0.000610
0.755536 0.344219
0.334586 0.944352
0.617304 0.703641
0.691377 0.953230
0.855584 0.933476
0.415988 0.028115
0.305842 0.512756
0.394371 0.816713
0.635299 0.932861
0.601221 0.330235
0.675492 0.485895
0.392728 0.342027
0.073063 0.556197
0.243099 0.193871
0.095608 0.457111
0.088755 0.927397
0.187779 0.391335
0.167941 0.037236
0.681696 0.066501
0.510880 0.621819
0.799710 0.928867
0.231940 0.796685
0.569768 0.282148
0.809873 0.827679
0.479765 0.178057
0.402453 0.288065
0.876352 0.134936
0.142338 0.404031
0.257329 0.395870
0.818144 0.073771
0.082958 0.430016
0.261841 0.063495
0.072449 0.646544
0.988905 0.026083
0.515694 0.840156
0.760458 0.543108
0.746759 0.974662
0.826606 0.225449
0.023472 0.723828
0.006331 0.174399
0.841175 0.482886
0.282112 0.237316
0.366858 0.620485
0.519154 0.209291
0.495583 0.417255
0.869861 0.897651
0.245651 0.013037
0.002175 0.957497
0.564639 0.619639
0.165769 0.832976
0.377574 0.463977
0.262222 0.268835
0.084222 0.150153
0.134275 0.973812
0.104829 0.565182
0.386176 0.541376
0.529096 0.675935
0.923697 0.502899
0.129469 0.865324
0.877604 0.167049
0.253307 0.367497
0.986731 0.112457
0.452398 0.838253
0.766680 0.658736
0.114067 0.595345
0.940063 0.554299
0.005917 0.362289
0.811543 0.754259
0.359946 0.102619
0.509271 0.390022
0.031847 0.539874
0.383837 0.263712
0.455981 0.238766
0.362104 0.313470
0.040850 0.761071
0.315494 0.385962
0.130260 0.622023
0.221374 0.922104
0.349598 0.484401
0.987220 0.386608
0.108861 0.123825
0.166118 0.423945
0.156589 0.115956
0.061375 0.333746
0.206739 0.090670
0.598940 0.579221
0.762780 0.475323
0.288230 0.539777
0.739178 0.013709
0.884256 0.519074
0.443525 0.952432
0.033155 0.165200
0.821145 0.178859
0.960795 0.399275
0.957899 0.684312
0.747289 0.631082
0.449349 0.473944
0.519277 0.893370
0.053024 0.413201
0.856172 0.984776
0.515541 0.744418
0.562905 0.410709
0.720985 0.947897
0.025395 0.419304
0.653455 0.540861
0.288876 0.960444
0.416480 0.845707
0.249773 0.448507
0.383450 0.396092
0.932674 0.313804
0.266101 0.096040
0.309598 0.246047
0.785311 0.355458
0.108128 0.064660
0.482113 0.343783
0.394098 0.989387
0.288445 0.371603
0.867787 0.648952
0.199601 0.421128
0.240882 0.979075
0.624151 0.798149
0.448868 0.100141
0.680835 0.783380
0.640285 0.580787
0.798849 0.437157
0.492014 0.143836
0.730145 0.492416
0.659385 0.243199
0.139655 0.060677
0.424642 0.892698
0.047766 0.066140
0.057663 0.270396
0.606709 0.650053
0.487227 0.672039
0.867614 0.606746
0.612664 0.228223
0.200403 0.349161
0.252615 0.234191
0.564678 0.868003
0.311118 0.289464
0.372155 0.777068
0.238520 0.417981
0.510724 0.583566
0.822145 0.104675
0.741339 0.414842
0.282585 0.011540
0.963876 0.012069
0.514616 0.792874
0.825907 0.978739
0.712908 0.886318
0.362197 0.285571
0.977080 0.503071
0.027838 0.289432
0.105920 0.410088
0.198613 0.268540
0.859680 0.454180
0.409307 0.466681
0.059899 0.172218
0.416212 0.255069
0.610940 0.354859
0.796303 0.648207
0.885938 0.919851
0.107746 0.791547
0.695210 0.541853
0.519936 0.153741
0.331452 0.197770
0.707918 0.280936
0.343323 0.454848
0.162058 0.003306
0.429031 0.494920
0.098109 0.187288
0.059864 0.527411
0.460564 0.152127
0.642313 0.407156
0.896247 0.222923
0.815154 0.037574
0.980382 0.544178
0.019114 0.821266
0.948139 0.340138
0.773959 0.289272
0.259470 0.520761
0.452876 0.437844
0.865405 0.378064
0.284467 0.310631
0.531314 0.866343
0.971285 0.154735
0.792502 0.804108
0.432694 0.622579
0.334863 0.912642
0.635853 0.738619
0.219086 0.394225
0.112820 0.243055
0.908271 0.003458
0.645015 0.768535
0.650539 0.193535
0.709428 0.082107
0.649087 0.055840
0.638843 0.220988
0.230389 0.537095
0.499548 0.287750
0.407338 0.418251
0.224967 0.759364
0.148738 0.452164
0.439303 0.867007
0.827591 0.451117
0.418402 0.764174
0.006951 0.558541
0.181499 0.592772
0.584674 0.305167
0.290431 0.576014
0.050683 0.965505
0.594175 0.453254
0.839086 0.129209
0.778272 0.946318
0.754326 0.576550
0.630498 0.152646
0.003098 0.881504
0.711054 0.578536
0.944114 0.370962
0.562934 0.253265
0.981348 0.983873
0.583327 0.674434
0.730887 0.913239
0.339798 0.723921
0.897233 0.250849
0.834641 0.807754
0.634540 0.992971
0.036678 0.215850
0.898053 0.667199
0.405319 0.722387
0.452971 0.514625
0.899196 0.552361
0.983758 0.910659
0.624163 0.528200
0.318838 0.854284
0.932390 0.259615
0.943684 0.174187
0.230719 0.570764
0.621716 0.179872
0.120728 0.765855
0.647234 0.694276
0.646154 0.834294
0.561352 0.649398
0.293423 0.065722
0.032089 0.349054
0.140352 0.573485
0.594582 0.252086
0.825682 0.952160
0.922299 0.891146
0.422394 0.387390
0.427093 0.343418
0.003276 0.235236
0.081059 0.356643
0.751220 0.152912
0.284485 0.343225
0.699509 0.113333
0.962076 0.237715
0.289440 0.868492
0.547976 0.906721
0.496023 0.557571
0.701008 0.918339
0.111096 0.161102
0.311401 0.796387
0.693399 0.722915
0.718206 0.436006
0.934093 0.707126
0.729749 0.054511
0.781411 0.168700
0.829115 0.265591
0.096758 0.218693
0.245659 0.479722
0.436514 0.274462
0.300323 0.900287
0.990470 0.733612
0.246976 0.699456
0.349954 0.143500
0.419279 0.113777
0.116325 0.946368
0.367997 0.213665
0.504713 0.694279
0.263824 0.035381
0.585918 0.771885
0.616195 0.604851
0.174710 0.474446
0.861803 0.222430
0.623279 0.097665
0.438127 0.580852
0.390942 0.181450
0.289120 0.273993
0.228144 0.254020
0.486279 0.997434
0.466045 0.700654
0.886731 0.987209
0.992381 0.297925
0.165060 0.522905
0.481544 0.789604
0.768709 0.401665
0.010991 0.753893
0.954573 0.280270
0.201471 0.527668
0.953141 0.069824
0.872880 0.863138
0.708692 0.789013
0.512514 0.013466
0.552109 0.464828
0.806005 0.855762
0.285939 0.633082
0.065146 0.474998
0.026362 0.387016
0.136930 0.258872
0.698996 0.818522
0.538090 0.392128
0.046633 0.818148
0.415658 0.525174
0.415544 0.596585
0.615491 0.064386
0.054319 0.305234
0.045115 0.628221
0.357110 0.184997
0.918512 0.286952
0.987967 0.082870
0.248645 0.829088
0.843264 0.673157
0.477612 0.503237
0.961497 0.722957
0.410972 0.678800
0.693337 0.247975
0.573380 0.129072
0.780236 0.624403
0.207007 0.694982
0.077340 0.081761
0.231389 0.115955
0.354584 0.689172
0.608602 0.004472
0.476030 0.856126
0.251382 0.632563
0.649176 0.289399
0.102164 0.277430
0.423505 0.163121
0.958732 0.815494
0.615820 0.494293
0.949916 0.098287
0.441559 0.683414
0.365148 0.806696
0.442639 0.789278
0.389314 0.749895
0.081201 0.251598
0.673862 0.099650
0.120273 0.728492
0.465501 0.577228
0.761377 0.071120
0.320496 0.136513
0.615472 0.828991
0.633677 0.963723
0.644735 0.122975
0.390912 0.229584
0.539582 0.582541
0.429391 0.076411
0.302300 0.093554
0.576158 0.706056
0.121877 0.468166
0.104529 0.843464
0.830194 0.700560
0.503057 0.526249
0.587316 0.480241
0.006414 0.675357
0.463284 0.889307
0.771411 0.133822
0.301399 0.988225
0.410623 0.558955
0.924102 0.624074
0.032798 0.880682
0.276470 0.697771
0.804871 0.678365
0.992347 0.810152
0.849621 0.156867
0.700411 0.213706
0.721644 0.239369
0.577472 0.990338
0.111588 0.383265
0.516109 0.326712
0.891285 0.284451
0.825350 0.727597
0.198742 0.154553
0.330544 0.417031
0.220243 0.447526
0.339848 0.780599
0.669453 0.860758
0.334803 0.268541
0.563019 0.941656
0.726042 0.704239
0.740587 0.873029
0.059480 0.855761
0.735641 0.458948
0.256314 0.785897
0.870363 0.684959
0.636472 0.368199
0.180689 0.327753
0.333926 0.666432
0.026196 0.851375
0.119706 0.537181
0.467395 0.813548
0.537040 0.808594
0.108583 0.352814
0.586174 0.922515
0.537419 0.617193
0.742504 0.680493
0.533023 0.987456
0.161890 0.275522
0.908920 0.168160
0.323613 0.701958
0.135853 0.031453
0.802652 0.202971
0.528308 0.424180
0.215098 0.180593
0.649062 0.084684
0.540854 0.076655
0.991398 0.639604
0.935473 0.739819
0.122498 0.690286
0.025667 0.129173
0.929387 0.230626
0.289785 0.118892
0.692267 0.695704
0.725705 0.318391
0.301024 0.687064
0.926710 0.460626
0.959156 0.125117
0.976513 0.877924
0.946017 0.204515
0.623779 0.432639
0.319068 0.576605
0.663218 0.432362
0.934772 0.651364
0.457341 0.992466
0.293556 0.176713
0.809072 0.589013
0.410351 0.056897
0.626943 0.461713
0.351862 0.559235
0.341356 0.637307
0.147805 0.230206
0.992708 0.844708
0.490197 0.942699
0.517687 0.048042
0.454266 0.332077
0.172595 0.802809
0.174991 0.243518
0.531718 0.516831
0.898281 0.397868
0.846110 0.625635
0.203504 0.563567
0.153012 0.931316
0.007089 0.268402
0.757280 0.907110
0.658302 0.460731
0.901637 0.485575
0.369981 0.657532
0.992082 0.478247
0.762465 0.799230
0.769017 0.867831
0.054433 0.372339
0.987169 0.780540
0.380286 0.122527
0.431170 0.712197
0.811382 0.154287
0.394968 0.917542
0.177485 0.765369
0.522450 0.924738
0.199251 0.669209
0.286835 0.146521
0.670774 0.588752
0.188196 0.502300
0.988386 0.702689
0.082052 0.297039
0.553600 0.318969
0.027544 0.909778
0.906550 0.757407
0.199746 0.735256
0.890897 0.459523
0.690802 0.991580
0.075021 0.832339
0.179638 0.297158
0.606064 0.940237
0.510917 0.084925
0.800239 0.997691
0.468693 0.399177
0.333694 0.228915
0.159966 0.859989
0.735155 0.807502
0.078835 0.959715
0.733513 0.274527
0.351186 0.866114
0.580786 0.218145
0.328091 0.045332
0.594155 0.802654
0.128841 0.829740
0.428251 0.815759
0.711300 0.016933
0.815898 0.616086
0.925529 0.393143
0.161741 0.627197
0.256671 0.130425
0.510175 0.180940
0.057200 0.448041
0.502410 0.261568
0.479854 0.467546
0.899827 0.845616
0.323402 0.008592
0.948486 0.038398
0.620770 0.305399
0.352623 0.011855
0.312775 0.333332
0.152514 0.317965
0.383018 0.434411
0.894104 0.635815
0.543324 0.354934
0.881151 0.771435
0.201299 0.956431
0.902417 0.320320
0.157039 0.382218
0.763649 0.105650
0.336366 0.602929
0.840652 0.424275
0.968309 0.758441
0.492406 0.235180
0.939804 0.940114
0.774574 0.201447
0.143070 0.895617
0.841721 0.871476
0.064925 0.912843
0.950255 0.911943
0.555425 0.101288
0.129837 0.507925
0.609094 0.278038
0.228610 0.054209
0.954082 0.526763
0.332006 0.076967
0.429070 0.308394
0.908423 0.792959
0.301507 0.036702
0.923206 0.820803
0.967618 0.571121
0.552164 0.735569
0.759570 0.721907
0.497403 0.721667
0.359540 0.980339
0.861599 0.018793
0.107381 0.095348
0.319000 0.545969
0.300463 0.730364
0.094401 0.744736
0.098227 0.320957
0.306532 0.936164
0.278722 0.471228
0.642931 0.874357
0.791053 0.092459
0.516982 0.452216
0.896642 0.702242
0.209719 0.300937
0.353424 0.339768
0.496206 0.824287
0.608172 0.036828
0.662173 0.345695
0.655890 0.613264
0.372596 0.502690
0.835864 0.896737
0.838046 0.372424
0.440556 0.546095
0.470759 0.964754
0.843775 0.194606
0.278903 0.926785
0.963001 0.843323
0.788739 0.533766
0.599429 0.968544
0.106662 0.895802
0.230602 0.951194
0.716904 0.981333
0.728406 0.529268
0.956869 0.968359
0.662159 0.167420
0.534287 0.713369
0.483657 0.372567
0.900617 0.952453
0.733509 0.605052
0.811000 0.323652
0.974641 0.355583
0.147766 0.546141
0.176021 0.650814
0.810000 0.294964
0.579476 0.020937
0.704137 0.751282
0.980931 0.213862
0.436893 0.742080
0.236260 0.083535
0.329751 0.973520
0.788390 0.971166
0.633555 0.260602
0.088634 0.808282
0.697289 0.861240
0.335371 0.515104
0.639909 0.026942
0.073753 0.020997
0.316235 0.482554
0.387714 0.580966
0.888379 0.814758
0.092564 0.527480
0.126959 0.323053
0.330549 0.309401
0.149932 0.489447
0.374001 0.157787
0.932833 0.851245
0.950860 0.791862
0.669070 0.137139
0.104359 0.976088
0.272058 0.762759
0.307315 0.653475
0.935090 0.771279
0.221495 0.364610
0.782640 0.901780
0.451687 0.056655
0.949277 0.878253
0.876940 0.195987
0.592007 0.514274
0.974545 0.940945
0.963777 0.310299
0.076469 0.393497
0.779035 0.322046
0.220363 0.830310
0.186476 0.982505
0.783946 0.502053
0.794579 0.708959
0.076500 0.114468
0.891676 0.080020
0.031234 0.508551
0.674402 0.210757
0.458227 0.029490
0.192411 0.016317
0.616461 0.675618
0.138242 0.356813
0.069421 0.499838
0.398201 0.092443
0.849604 0.337981
0.358897 0.531991
0.550373 0.840623
0.202296 0.233579
0.910543 0.135942
0.322979 0.752102
0.367208 0.365996
0.156869 0.200809
0.936442 0.142413
0.673076 0.029867
0.697618 0.144917
0.225624 0.649130
0.274735 0.839987
0.748621 0.186040
0.647276 0.659564
0.279026 0.499043
0.901968 0.728105
0.925002 0.678846
0.411976 0.197084
0.913425 0.197043
0.147340 0.706369
0.642591 0.494748
0.762634 0.439520
0.854234 0.247610
0.056790 0.790426
0.640748 0.327728
0.515141 0.356812
0.078520 0.769836
0.825645 0.399714
0.224189 0.717872
0.020487 0.786379
0.736581 0.091680
0.055335 0.137183
0.891701 0.365804
0.273545 0.661732
0.169871 0.890852
0.266999 0.978765
0.660185 0.720317
0.215496 0.031425
0.353948 0.047793
0.900257 0.877273
0.285033 0.404931
0.449685 0.368137
0.173441 0.729783
0.675367 0.271072
0.356649 0.838215
0.755553 0.759209
0.721901 0.195555
0.916499 0.351599
0.261018 0.553965
0.674068 0.674362
0.064887 0.886451
