0.814960 0.488082
0.030807 0.340949
0.718797 0.208568
0.035613 0.647751
0.025987 0.553166
0.986993 0.252851
0.344776 0.533215
0.031732 0.585105
0.063539 0.330753
0.526340 0.708942
0.911054 0.455810
0.494361 0.974177
0.496804 0.733392
0.039307 0.282422
0.528900 0.976585
0.493369 0.601194
0.423749 0.886564
0.965386 0.585957
0.954909 0.171280
0.682637 0.630988
0.430164 0.311769
0.015522 0.688786
0.706148 0.481075
0.040756 0.310352
0.009998 0.646172
0.122208 0.428725
0.050253 0.254444
0.635883 0.129824
0.847485 0.345701
0.665095 0.835899
0.358917 0.613732
0.008297 0.306993
0.976212 0.715319
0.400118 0.987454
0.381335 0.423196
0.638213 0.824084
0.007731 0.716583
0.891371 0.005961
0.396994 0.903824
0.143468 0.623048
0.018356 0.210606
0.142214 0.443846
0.596962 0.924097
0.634229 0.314514
0.364972 0.897741
0.466334 0.621244
0.248161 0.701388
0.009262 0.416483
0.523117 0.094844
0.347573 0.279355
0.327706 0.874136
0.012610 0.176562
0.645963 0.609995
0.911499 0.622370
0.874003 0.566660
0.419570 0.165545
0.056662 0.708378
0.979107 0.782454
0.945930 0.781245
0.688676 0.851659
0.238242 0.601824
0.526211 0.034990
0.378318 0.952827
0.789506 0.146609
0.847525 0.477950
0.781946 0.757365
0.888113 0.904275
0.743445 0.000504
0.061372 0.542717
0.714542 0.793619
0.446829 0.987249
0.040184 0.146348
0.932544 0.394897
0.014442 0.773200
0.364528 0.838747
0.509438 0.182378
0.836753 0.949117
0.371919 0.014050
0.276425 0.811205
0.017138 0.800788
0.862371 0.532654
0.790395 0.003557
0.007856 0.829102
0.073728 0.601605
0.033885 0.734459
0.282470 0.290985
0.855569 0.596461
0.538877 0.123257
0.576385 0.797412
0.220162 0.803269
0.743874 0.456993
0.205009 0.461240
0.249948 0.786774
0.081736 0.263877
0.518818 0.608637
0.104587 0.354294
0.370482 0.259854
0.851974 0.449017
0.280003 0.747953
0.379387 0.680363
0.095810 0.650446
0.595443 0.413425
0.536093 0.431805
0.709750 0.615480
0.557084 0.098413
0.231902 0.198939
0.257859 0.183550
0.931745 0.240799
0.570480 0.144170
0.651407 0.677849
0.746456 0.192242
0.542677 0.935828
0.963182 0.907445
0.335032 0.906138
0.180031 0.343088
0.323631 0.167759
0.822812 0.987144
0.589502 0.893666
0.075231 0.357816
0.179393 0.136103
0.578094 0.672343
0.028680 0.851720
0.107682 0.247321
0.117989 0.875851
0.725634 0.370713
0.190349 0.840021
0.459106 0.318047
0.397398 0.256737
0.337153 0.969806
0.000282 0.572817
0.504467 0.245763
0.368497 0.079400
0.618092 0.708057
0.823604 0.244353
0.873472 0.132631
0.201202 0.320425
0.215189 0.175216
0.548250 0.775820
0.632511 0.654014
0.178722 0.878489
0.653917 0.094995
0.306210 0.959592
0.651650 0.730790
0.253093 0.878514
0.755631 0.389888
0.495345 0.467073
0.684159 0.987125
0.587567 0.215999
0.737601 0.030409
0.594906 0.253170
0.437600 0.139677
0.653906 0.702899
0.738621 0.634416
0.394306 0.782168
0.708227 0.129645
0.948744 0.745888
0.068060 0.158689
0.354839 0.640529
0.542254 0.663092
0.271815 0.435488
0.725773 0.164129
0.829868 0.908643
0.817727 0.563294
0.709003 0.763247
0.552218 0.602159
0.589972 0.360705
0.759162 0.659338
0.019453 0.008366
0.731175 0.270535
0.390094 0.642600
0.556442 0.208891
0.980468 0.945019
0.663461 0.801927
0.123199 0.130734
0.895171 0.184295
0.403271 0.558030
0.581116 0.702169
0.023274 0.903056
0.369195 0.978301
0.214331 0.741558
0.148420 0.151821
0.457183 0.473247
0.345270 0.700648
0.432652 0.823513
0.204900 0.556696
0.206092 0.626740
0.761996 0.298918
0.649729 0.055932
0.091554 0.517149
0.253858 0.093734
0.780533 0.369589
0.246174 0.994044
0.441794 0.645402
0.518296 0.949025
0.214964 0.971960
0.021025 0.252994
0.477867 0.902611
0.272681 0.115678
0.875422 0.045874
0.924350 0.948372
0.382217 0.350988
0.622893 0.349605
0.041677 0.524363
0.598820 0.649804
0.811169 0.023948
0.127925 0.523179
0.742707 0.785066
0.650640 0.354498
0.050917 0.791391
0.600031 0.991761
0.543975 0.067093
0.975412 0.976847
0.622795 0.107079
0.967573 0.281749
0.697565 0.316844
0.838059 0.013100
0.354338 0.667146
0.688991 0.208179
0.916540 0.740128
0.543573 0.305124
0.217161 0.398063
0.584700 0.620404
0.679500 0.948817
0.768567 0.483727
0.547379 0.843119
0.840736 0.509001
0.944138 0.566837
0.430378 0.566122
0.343293 0.562139
0.921371 0.531404
0.298843 0.859097
0.421171 0.791497
0.011003 0.977588
0.505601 0.916742
0.186270 0.732267
0.684000 0.748124
0.741639 0.835922
0.083791 0.473283
0.019503 0.074724
0.931989 0.089440
0.704632 0.923104
0.062496 0.663450
0.573871 0.476699
0.156341 0.118585
0.554622 0.164605
0.337568 0.732748
0.886582 0.764143
0.491244 0.155962
0.329358 0.836164
0.279916 0.716660
0.430493 0.860399
0.879664 0.649393
0.431560 0.008525
0.943996 0.924503
0.319320 0.227013
0.398179 0.053559
0.840302 0.797587
0.985218 0.001196
0.870112 0.708306
0.558005 0.412006
0.730643 0.102446
0.108133 0.940594
0.750902 0.060871
0.481195 0.853693
0.997278 0.225430
0.889230 0.821024
0.383832 0.294337
0.513717 0.661503
0.484772 0.822057
0.042267 0.367605
0.918721 0.202056
0.900133 0.149993
0.407557 0.664464
0.815993 0.678967
0.646235 0.904128
0.278562 0.074397
0.736247 0.919192
0.658402 0.929600
0.849701 0.384650
0.549294 0.729952
0.754128 0.355040
0.534946 0.245972
0.096113 0.185423
0.891776 0.533305
0.910688 0.376423
0.964272 0.686354
0.269323 0.627625
0.933890 0.278098
0.296703 0.831614
0.673291 0.268826
0.241057 0.457062
0.487550 0.306528
0.571327 0.532229
0.856664 0.417964
0.372117 0.195415
0.466675 0.759643
0.123827 0.685142
0.131213 0.098730
0.956202 0.375334
0.839986 0.051597
0.738080 0.134785
0.667552 0.332223
0.296952 0.886728
0.573718 0.333096
0.952446 0.958733
0.897767 0.100533
0.373652 0.583840
0.908861 0.264657
0.058009 0.886256
0.846389 0.659547
0.987143 0.854657
0.690943 0.808614
0.634315 0.032241
0.577268 0.731759
0.004031 0.367554
0.770511 0.029513
0.712660 0.830016
0.302660 0.266617
0.439539 0.109038
0.619345 0.279902
0.854261 0.976726
0.047325 0.762400
0.098475 0.217271
0.824610 0.376592
0.348098 0.306197
0.675448 0.378061
0.799633 0.303812
0.311044 0.800983
0.627593 0.405862
0.982911 0.184439
0.443301 0.599221
0.883729 0.272263
0.611619 0.380374
0.061673 0.936516
0.459798 0.285940
0.446897 0.060507
0.189738 0.988364
0.735389 0.599249
0.848777 0.181374
0.218279 0.932855
0.720283 0.511531
0.741971 0.756668
0.243187 0.486345
0.103695 0.815028
0.525091 0.149837
0.819082 0.647439
0.950905 0.113161
0.944512 0.665394
0.097981 0.148842
0.544205 0.466002
0.478972 0.001767
0.157224 0.676880
0.544601 0.550563
0.819450 0.328747
0.657073 0.009313
0.747616 0.324526
0.178623 0.426719
0.548924 0.691167
0.165503 0.917080
0.440431 0.734488
0.386354 0.872963
0.869371 0.163909
0.768497 0.986740
0.384626 0.109612
0.714938 0.727990
0.015354 0.135163
0.113781 0.907431
0.604920 0.169872
0.802294 0.395970
0.262665 0.271290
0.658731 0.972835
0.808054 0.871011
0.790447 0.247745
0.660400 0.420679
0.929888 0.051850
0.461116 0.697326
0.474920 0.493904
0.232983 0.301464
0.245719 0.758034
0.270462 0.471252
0.941232 0.841700
0.423668 0.626157
0.353791 0.232593
0.024237 0.442883
0.137650 0.572532
0.235728 0.332935
0.751720 0.224655
0.786116 0.279113
0.449504 0.418406
0.925838 0.871224
0.269962 0.014069
0.826054 0.767529
0.761511 0.260098
0.547366 0.499877
0.368145 0.047935
0.582959 0.831300
0.215449 0.708597
0.631333 0.991508
0.600348 0.090211
0.568049 0.961559
0.501182 0.367451
0.044215 0.822309
0.943289 0.615685
0.856439 0.824611
0.002658 0.746348
0.323680 0.365764
0.097356 0.845984
0.907907 0.972695
0.135403 0.476155
0.598661 0.447495
0.385936 0.167654
0.511441 0.063462
0.701746 0.693821
0.447490 0.517325
0.652205 0.214928
0.901441 0.493943
0.798042 0.435354
0.040833 0.684798
0.774208 0.859541
0.046927 0.000019
0.203459 0.252242
0.967566 0.832539
0.039163 0.044926
0.792647 0.591149
0.416843 0.966450
0.241265 0.248155
0.222253 0.089158
0.174681 0.233814
0.676986 0.472659
0.059769 0.973099
0.694060 0.353619
0.481001 0.341364
0.826835 0.595422
0.873380 0.310678
0.168550 0.369777
0.353186 0.360192
0.673456 0.237012
0.123046 0.750197
0.984658 0.640633
0.154038 0.649470
0.456323 0.800461
0.187742 0.695435
0.734334 0.699903
0.358815 0.395907
0.240884 0.063848
0.475919 0.533022
0.340251 0.806372
0.202805 0.669225
0.264669 0.044501
0.361735 0.752621
0.538011 0.334985
0.242656 0.513267
0.909886 0.417085
0.194075 0.024302
0.291674 0.405264
0.315393 0.425102
0.842794 0.218079
0.193830 0.944320
0.754565 0.540915
0.490401 0.638243
0.278627 0.659079
0.458447 0.928976
0.674439 0.883013
0.785666 0.674225
0.615127 0.230839
0.298915 0.449087
0.596658 0.860695
0.956655 0.054588
0.466372 0.581718
0.665594 0.303268
0.684222 0.671342
0.352534 0.162507
0.158197 0.791238
0.083881 0.756429
0.098207 0.108863
0.492763 0.035746
0.836500 0.847453
0.882181 0.467603
0.009154 0.524339
0.568289 0.565529
0.556556 0.900877
0.884171 0.434550
0.424882 0.708355
0.391132 0.612496
0.621100 0.890536
0.430429 0.493704
0.191871 0.202456
0.865984 0.072137
0.786535 0.462738
0.356544 0.506777
0.031285 0.393860
0.188754 0.800333
0.626720 0.435678
0.650879 0.867108
0.287985 0.375906
0.609426 0.733424
0.400013 0.019640
0.292532 0.321962
0.688899 0.415683
0.107926 0.781902
0.731157 0.891726
0.282734 0.216269
0.390061 0.746713
0.208599 0.488440
0.103230 0.290285
0.937992 0.987123
0.486619 0.793900
0.780099 0.063492
0.437769 0.451631
0.609156 0.595126
0.704453 0.085147
0.417315 0.432368
0.535006 0.870996
0.915743 0.123473
0.264352 0.349945
0.128953 0.336713
0.852509 0.256145
0.336731 0.592278
0.314412 0.649564
0.311031 0.724971
0.495999 0.765531
0.669280 0.499133
0.531401 0.632088
0.475738 0.062363
0.855727 0.286616
0.977642 0.429873
0.855462 0.924341
0.061560 0.029481
0.188374 0.073658
0.257678 0.546802
0.612763 0.680661
0.510557 0.005305
0.081747 0.996243
0.806458 0.217053
0.236177 0.154890
0.843154 0.100821
0.041181 0.615726
0.723386 0.063218
0.740417 0.564516
0.808650 0.964456
0.461751 0.663791
0.059593 0.856916
0.862516 0.017547
0.521587 0.783314
0.328115 0.464213
0.085073 0.681243
0.411561 0.290039
0.637848 0.469612
0.573053 0.389606
0.958582 0.247293
0.902634 0.229174
0.112872 0.075065
0.880873 0.733703
0.401103 0.932832
0.139599 0.954917
0.209488 0.130789
0.607038 0.475959
0.183614 0.647767
0.163148 0.177804
0.285849 0.184668
0.237435 0.122280
0.179382 0.269009
0.922087 0.899794
0.629950 0.575844
0.011167 0.036601
0.405197 0.405526
0.488263 0.674371
0.952850 0.017177
0.927843 0.501222
0.190747 0.164093
0.132634 0.814564
0.520940 0.813106
0.688848 0.904263
0.962960 0.406190
0.621204 0.202061
0.137232 0.717612
0.643400 0.508215
0.611339 0.529927
0.710965 0.951838
0.410668 0.128235
0.266060 0.850624
0.806379 0.930520
0.463072 0.964996
0.104710 0.383979
0.160233 0.406103
0.510466 0.295890
0.401649 0.088089
0.461142 0.394048
0.953175 0.539086
0.304089 0.091514
0.461654 0.366265
0.855691 0.760020
0.533234 0.373748
0.537278 0.187856
0.747573 0.729126
0.131372 0.847126
0.995238 0.917200
0.891765 0.590192
0.059187 0.449933
0.765706 0.697244
0.315623 0.298268
0.213588 0.224286
0.208445 0.354375
0.356677 0.117849
0.597334 0.050662
0.944738 0.207023
0.116117 0.973902
0.088266 0.876696
0.666738 0.537704
0.200711 0.514132
0.485755 0.267519
0.570991 0.930577
0.957096 0.640018
0.766070 0.619246
0.428370 0.387635
0.827545 0.417554
0.197793 0.293095
0.204979 0.593874
0.308832 0.059218
0.088886 0.548313
0.602234 0.555818
0.979853 0.808160
0.576570 0.072682
0.042978 0.471843
0.649071 0.387561
0.139767 0.363413
0.703740 0.391068
0.923347 0.013172
0.469226 0.724013
0.568179 0.867356
0.383826 0.523628
0.869442 0.103416
0.372882 0.811136
0.515126 0.448606
0.394750 0.495380
0.305750 0.993401
0.957419 0.453230
0.753591 0.513317
0.369856 0.324218
0.698223 0.283781
0.078662 0.428590
0.084699 0.057651
0.639386 0.754217
0.842258 0.142904
0.129625 0.198312
0.525278 0.747317
0.225208 0.535646
0.131285 0.308219
0.298167 0.480937
0.326119 0.393492
0.125449 0.599730
0.333302 0.941157
0.645448 0.277989
0.492315 0.422688
0.778737 0.411851
0.513226 0.842834
0.385449 0.456403
0.660290 0.449183
0.841731 0.732908
0.330019 0.256063
0.127355 0.274437
0.165225 0.017066
0.308848 0.918940
0.501117 0.699952
0.606070 0.323709
0.096675 0.579759
0.337790 0.070970
0.985525 0.885709
0.275071 0.953782
0.782146 0.184052
0.980791 0.607459
0.730365 0.671404
0.069501 0.631901
0.880748 0.977262
0.384735 0.381612
0.230636 0.368659
0.785729 0.560288
0.970866 0.211794
0.047062 0.915169
0.500930 0.876059
0.411282 0.592543
0.323041 0.618944
0.103508 0.617976
0.877227 0.369180
0.682970 0.717034
0.243351 0.960663
0.785028 0.097114
0.233023 0.570176
0.252338 0.222923
0.916829 0.650874
0.774211 0.785703
0.872874 0.500851
0.216481 0.832911
0.873886 0.236465
0.489854 0.567256
0.272266 0.515028
0.068708 0.732931
0.611261 0.819918
0.173835 0.483723
0.267897 0.900259
0.276341 0.983324
0.985231 0.516281
0.331435 0.769380
0.493147 0.092646
0.341222 0.037372
0.942863 0.715689
0.710147 0.579170
0.361612 0.781910
0.487322 0.213071
0.715978 0.542553
0.581492 0.588029
0.781170 0.331486
0.660215 0.578066
0.894474 0.870014
0.552286 0.814024
0.020281 0.105410
0.788060 0.531734
0.700421 0.044982
0.000127 0.280634
0.709492 0.013118
0.192286 0.907883
0.344513 0.424262
0.557464 0.360647
0.448672 0.221449
0.470947 0.129709
0.581792 0.184160
0.563132 0.639814
0.461564 0.027280
0.284745 0.243633
0.120210 0.038248
0.691329 0.520677
0.640580 0.546576
0.511223 0.335404
0.727314 0.298665
0.810448 0.105468
0.757295 0.094584
0.979294 0.128847
0.820737 0.192132
0.905362 0.344738
0.426834 0.038712
0.159556 0.207724
0.709661 0.650467
0.091749 0.028214
0.440672 0.344965
0.904106 0.071103
0.426443 0.079564
0.469746 0.239877
0.232440 0.857157
0.781133 0.823487
0.305412 0.693615
0.118134 0.551675
0.193183 0.103406
0.652123 0.152879
0.991396 0.062069
0.895660 0.676323
0.331621 0.331623
0.190145 0.389147
0.543983 0.010632
0.016673 0.875860
0.672960 0.127776
0.430774 0.679914
0.135359 0.395418
0.111909 0.494814
0.146399 0.886279
0.736187 0.483587
0.876090 0.944745
0.620761 0.625033
0.937499 0.809476
0.870429 0.791737
0.862542 0.682019
0.820506 0.077113
0.926225 0.318353
0.281886 0.926070
0.486433 0.940863
0.976592 0.318547
0.443924 0.192612
0.561664 0.041273
0.753420 0.812566
0.297248 0.512548
0.330046 0.136608
0.639380 0.246434
0.152079 0.504045
0.464936 0.094944
0.945724 0.141698
0.456420 0.162175
0.294823 0.154243
0.720833 0.337262
0.520226 0.216853
0.072020 0.294605
0.416158 0.526090
0.803023 0.786455
0.994803 0.454224
0.991158 0.391028
0.834661 0.703374
0.160447 0.292074
0.168403 0.455619
0.344197 0.200551
0.874172 0.205712
0.233840 0.677472
0.742528 0.862840
0.049008 0.417917
0.664466 0.186145
0.815866 0.814795
0.049664 0.108895
0.007084 0.481622
0.105068 0.456426
0.633230 0.957670
0.122786 0.652102
0.301340 0.122956
0.233115 0.032565
0.096941 0.704082
0.529756 0.524591
0.911947 0.838995
0.981976 0.551768
0.807463 0.617925
0.139141 0.009978
0.154469 0.543318
0.161141 0.855150
0.777969 0.728554
0.248515 0.821905
0.425775 0.250816
0.623995 0.855104
0.111985 0.001755
0.281766 0.780826
0.989588 0.154378
0.729553 0.241433
0.071459 0.231322
0.820642 0.274731
0.227088 0.900572
0.570123 0.442058
0.633403 0.173908
0.414451 0.362067
0.265409 0.147741
0.078010 0.086978
0.713573 0.982824
0.379297 0.141298
0.701791 0.178836
0.032358 0.497378
0.622692 0.930455
0.454960 0.841197
0.493031 0.394237
0.562642 0.271480
0.255610 0.382025
0.206089 0.430765
0.951099 0.307567
0.882926 0.399054
0.407743 0.192838
0.577900 0.014772
0.687580 0.561766
0.079681 0.789190
0.099318 0.411440
0.375279 0.552956
0.955562 0.874418
0.810527 0.739642
0.324525 0.674962
0.572049 0.762135
0.133716 0.229668
0.925892 0.689542
0.476589 0.186455
0.526340 0.899993
0.759215 0.433111
0.356329 0.449574
0.360336 0.480298
0.864804 0.889832
0.701084 0.245945
0.903077 0.036330
0.821186 0.530518
0.975163 0.482588
0.385106 0.223425
0.313277 0.197262
0.163385 0.823060
0.880627 0.619375
0.999911 0.338391
0.180477 0.565750
0.787354 0.640920
0.176342 0.613280
0.247898 0.730408
0.581151 0.116909
0.068073 0.499388
0.979638 0.030787
0.434874 0.911060
0.965150 0.083700
0.273826 0.683649
0.404696 0.329115
0.935962 0.431225
0.261534 0.314818
0.414582 0.746621
0.575187 0.304523
0.312998 0.538254
0.968645 0.350651
0.697997 0.448013
0.257014 0.409181
0.812657 0.165998
0.177797 0.526708
0.509590 0.549257
0.312436 0.573256
0.010079 0.607945
0.369813 0.718533
0.084734 0.912649
0.580565 0.506562
0.608397 0.022602
0.460801 0.879999
0.847530 0.627475
0.320464 0.019186
0.140223 0.059250
0.936960 0.348310
0.206895 0.052989
0.594414 0.286031
0.917782 0.769850
0.094687 0.321326
0.105786 0.728602
0.937960 0.473182
0.396459 0.706334
0.300760 0.347393
0.416436 0.221328
0.060076 0.574574
0.162008 0.707548
0.836367 0.307357
0.471553 0.443395
0.344555 0.999015
0.227959 0.273995
0.990265 0.099268
0.400111 0.849079
0.563920 0.239435
0.677785 0.027026
0.289729 0.592990
0.605764 0.761847
0.600627 0.962195
0.439864 0.769978
0.353655 0.865383
0.777227 0.215112
0.139131 0.922791
0.285841 0.555231
0.517357 0.489941
0.840942 0.877419
0.084944 0.957925
0.625093 0.071157
0.158590 0.746647
0.306497 0.761714
0.161373 0.322946
0.615647 0.502203
0.219357 0.006005
0.234451 0.428089
0.685020 0.156086
0.990450 0.676116
0.137597 0.774738
0.149811 0.256019
0.758751 0.162264
0.798863 0.896782
0.740777 0.965086
0.792009 0.504202
0.956693 0.508156
0.876348 0.338306
0.560652 0.986145
0.904843 0.710357
0.262526 0.582900
0.529321 0.276142
0.872162 0.851535
0.675086 0.065840
0.068918 0.193310
0.679891 0.600237
0.247246 0.927755
0.801729 0.707788
0.402422 0.819816
0.069194 0.388964
0.909826 0.561094
0.763407 0.585686
0.294810 0.624575
0.820783 0.454676
0.603979 0.139511
0.732536 0.407405
0.294150 0.033146
0.450754 0.549007
0.906199 0.797527
0.803880 0.842174
0.524553 0.402400
0.034509 0.958421
0.765786 0.891061
0.497922 0.514075
0.325823 0.500113
0.637371 0.785682
0.710131 0.871116
0.442660 0.268078
0.162580 0.588338
0.903316 0.928912
0.754827 0.941024
0.805087 0.050445
0.073010 0.825851
0.012985 0.941676
0.051320 0.073774
0.183251 0.766867
0.363204 0.928206
0.845549 0.559278
0.671498 0.773087
0.410522 0.469014
0.432793 0.944564
0.807242 0.353699
0.781764 0.958456
0.903165 0.303317
0.234658 0.652061
0.605223 0.789814
0.660530 0.644402
0.072722 0.126752
0.502528 0.124567
0.166797 0.048010
0.974882 0.752546
0.528433 0.578127
0.684429 0.102234
0.044878 0.218301
0.157574 0.983440
0.122786 0.169124
0.240833 0.628162
0.924337 0.591067
0.040672 0.181520
0.721828 0.434094
0.768272 0.127941
0.170211 0.955350
0.161017 0.086465
0.207686 0.875211
0.817771 0.131674
0.333382 0.102180
0.775829 0.920464
0.214781 0.773756
0.925338 0.166562
